"Arriaga" "Assis_1" "Assis_2" "Caeiro_1" "Caeiro_2" "Campos_1" "Campos_2" "Campos_3" "Campos_4" "Drummond_1" "Drummond_2" "Espanca" "Feijó" "Junqueiro_1" "Junqueiro_2" "Leal_1" "Leal_2" "Nobre_1" "Nobre_2" "Pascoaes" "Pessoa_1" "Pessoa_2" "Pessoa_3" "Pessoa_4" "Reis_1"
"a" 4.44970064306305 4.48333603413817 4.25558008339465 3.9878799726322 3.19519139512812 3.31551630645286 3.62133438299547 3.06895559604872 3.18995381062356 2.78349398895267 2.82502162006342 4.21707811735086 5.23835417799529 4.47390932420873 4.02455661664393 3.51493848857645 3.4761696545693 3.3256291730868 3.8497446317755 4.54204766901514 3.84271671134942 3.87147489436966 3.84957941613063 3.83513538489973 3.87550797898702
"e" 3.74011382955133 3.27337546588883 4.07162129016434 4.47659075359202 4.38152483391332 3.07537377023782 3.47372564455816 3.22240337585116 3.01674364896074 3.16256904581393 3.08446238108965 3.44779355199664 3.04513322457858 3.5158254918734 4.6677061001754 4.03851786760398 4.67861827721906 2.92116076014381 2.96556647811522 4.8493479238495 2.98877966438288 3.34086666011595 3.30529440870856 3.74272248405877 3.11230052532461
"que" 3.5035848917141 2.54955976881111 3.102771645818 4.66230085035676 4.57133818411895 3.12959950422186 4.14288525880732 3.4333940730795 3.07448036951501 2.03617459114047 1.84491207840876 3.86740331491713 3.32608301613196 2.40376390076989 1.8514909374391 3.44171060339777 2.40489724529952 3.53107344632768 3.03695974518095 3.09548793284365 5.20305828616821 5.24712587206446 4.96783770410688 4.49126698087053 4.68827435821191
"o" 3.59228324340306 3.39221087884189 3.63829613277737 3.33300752614603 3.27428029104714 2.70354016577582 2.83408777799646 2.9730507336722 2.75692840646651 2.61020253438752 2.78658595176324 2.7414504510805 3.36233460213884 3.86655260906758 3.8296628337556 3.56619800820152 2.67818102317446 2.27272727272727 3.06991048382668 2.79568280617599 3.57462019660411 3.95990960007861 3.67144977733795 3.85361796506792 3.60788978094955
"de" 1.98832138369429 2.50634689137363 2.6081268906876 2.45332812041834 2.02467573552673 3.71058951119374 3.32611690612084 3.6156133115949 3.8972286374134 3.37918336402036 3.90122033246853 3.36387159941255 2.45604495196665 2.68605645851155 2.47515104268174 1.51947861745753 1.89112374289462 2.56805341551104 2.92712394969521 3.15544895817718 2.1149836163241 2.58425862238381 2.5531914893617 2.65225025413548 2.03191594806225
"não" 0.406534111907754 1.08572354561659 0.895266127054206 2.51197341413352 2.57829800695982 1.08451467968084 2.10588466837237 1.40021099069723 1.54445727482679 1.75457597747211 1.47977322955703 0.951115462619764 0.516585100598151 0.521813515825492 0.467745078931982 0.5199179847686 0.677743769129864 1.27760657421674 0.928112471854577 0.487183330834957 2.48237513653063 2.32878058366906 2.18703612073231 1.81129285648277 2.07156308851224
"um" 1.07177174957499 1.2585750553665 0.923881939334478 0.928550483823673 1.10724454286618 0.976063211712759 0.993898838811258 0.700105495348614 1.11143187066975 1.07224087512185 1.2203324685308 0.979089446814463 1.17817654522385 2.31822070145423 2.04638472032742 1.56341534856473 1.65063401836467 0.841037493579866 0.955571420726015 0.86193973916954 1.13196306225797 0.962955684386361 1.26669965363681 1.17364384068016 0.634354247199921
"do" 1.62613644763101 1.49624588127262 1.34085520398986 1.01651842439644 0.743435621638722 1.08451467968084 1.10214524699862 1.16044883475592 0.967090069284065 0.823134409184447 0.97050062457961 0.755297573256871 1.00598151169114 1.47134302822926 1.05242642759696 1.57439953134153 1.0166156536948 0.738315356959425 0.933604261628865 1.05681307150352 1.14189256280409 1.021912154859 1.03908955962395 1.27529803160521 1.03082565169987
"é" 0.532190110133787 0.65359477124183 0.502820701496198 2.17965008308083 2.65738690287884 0.635215740955922 1.40720330643574 0.815191330200441 1.270207852194 1.09390230694249 0.884020370904199 1.1888943282747 0.670654341127424 1.17194183062447 0.808809198986552 0.662712360867018 0.579361609094884 0.969440164355419 0.87868636388599 1.01933743067006 1.7178035944792 1.87678097671219 2.12765957446809 1.89446446723963 1.34800277529983
"os" 1.04959716165275 0.864257548749527 1.35720709672145 0.918776268204477 0.964884530211958 1.05352854597568 0.905333595748868 1.41939196317253 1.06812933025404 0.833965125094769 1.19150571730566 0.986082942863137 0.679717237629146 1.14627887082977 1.10114987331904 1.40963678968951 1.59051158723218 0.918079096045198 1.13130869350321 0.652076150502174 0.327673518022043 0.501129999017392 0.653142008906482 0.526753534793457 1.24888492417484
"em" 1.92918914923498 1.05331388753849 0.645899762897555 0.518033427817418 0.664346725719709 0.883104810597258 0.85613068293643 0.834372302675746 1.21247113163972 1.13722517058378 1.03776304410493 1.32177075319952 1.49537792278412 0.846877673224979 1.29604365620737 0.867750439367311 0.890905115872322 0.905238828967643 0.697457301334505 1.701394093839 1.03266805679674 1.26756411516164 1.12815437902029 0.970335458830053 0.862325304787392
"se" 0.93872422204154 1.08032193593691 1.00972937617529 1.29997067735314 1.51850680164505 1.0302889456968 0.993898838811258 0.85355327515105 0.750577367205543 1.3971623524315 1.71038723935812 0.874187006084342 1.55881819829618 0.761334473909324 0.711362307542389 0.59680726420621 0.694140795802361 0.770416024653313 0.653522983140205 0.989356918003298 1.25111706881144 1.12017293898005 1.33597229094508 1.16440255059606 1.07047279214987
"da" 1.35264986325671 1.19375573921028 1.32041533807538 0.801485680774118 0.917431192660551 0.80563947633434 1.10214524699862 0.978229596240529 0.808314087759815 0.606520090978014 0.845584702604017 0.601440660186027 1.06035889070147 1.40290846877673 0.711362307542389 1.21192149970709 0.74879755137735 0.757575757575758 0.752375199077379 1.22920101933743 0.635488034951842 0.756608037732141 0.712518555170708 1.09971352000739 0.743383883437407
"as" 0.864808928967403 0.956084913304165 0.964761671163437 0.996969993158049 1.18633343878519 1.09226121310713 0.60027553631175 1.0645439723794 0.981524249422633 0.541535795516084 0.701450946478332 0.741310581159522 0.7431575131412 0.76988879384089 0.828298577275385 1.2997949619215 1.25710537822475 0.828197226502311 0.96655500027459 0.846949482836156 0.387250521298779 0.383217058072123 0.425531914893617 0.545236114961649 0.832589949449896
"me" 0.561756227363442 0.442931993734133 0.302510015534298 1.25109959925716 1.202151217969 0.98380974513905 1.24975398543594 1.19881077970653 1.32794457274827 0.84479584100509 0.720668780628423 1.19588782432338 0.208446619539605 0.128314798973482 0.302085363476905 0.314879906268307 0.60122431132488 1.1748844375963 0.840243835465978 0.577124868835257 1.37027107536491 1.28721627198585 1.56358238495794 1.12743739025968 0.812766379224898
"como" 0.606105403207924 0.588775455085615 0.654075709263347 1.16313165868439 0.980702309395761 0.828879076613216 0.787246604999016 0.632972091685048 0.793879907621247 0.444059352323189 0.393965600076871 0.804252045597594 1.09661047670836 0.863986313088109 0.652894172675892 1.01054481546573 0.890905115872322 0.507190549563431 0.604096875171618 0.397241792834657 0.665276536590209 0.707477645671612 0.633349826818407 0.794750947232234 0.664089602537417
"no" 0.680020696282061 0.550964187327824 0.71130733382389 0.557130290294204 0.632711167352104 0.728174142071423 0.610116118874237 0.575429174259135 0.577367205542725 1.13722517058378 1.19150571730566 0.433596755017833 0.951604132680805 0.513259195893926 0.487234457220815 0.695664909197422 0.721469173589856 0.667693888032871 0.516228238783019 0.704542047669015 0.794360043689802 0.756608037732141 0.653142008906482 0.600683855466223 0.614530676974923
"eu" 0.613496932515337 0.523956138929401 0.17987082004742 1.08493793373082 0.806706738373932 0.75916027577659 1.05294233418618 1.0645439723794 0.952655889145496 0.238275750027077 0.134524839050639 1.17490733617735 0.244698205546493 0.29940119760479 0.302085363476905 0.527240773286467 0.579361609094884 1.19414483821263 0.66450656268878 0.667066406835557 1.0128090557045 0.894173135501621 0.870856011875309 0.739303206727659 0.227971057587471
"na" 0.569147756670855 0.318694971101388 0.572316245605429 0.361645977910273 0.49035115469788 0.511271206135254 0.570753788624287 0.661743550398005 0.707274826789838 0.736488681901874 0.912847122129336 0.412616266871809 0.806597788653254 0.530367835757057 0.623660105242643 0.637082601054482 0.475513773502405 0.513610683102208 0.653522983140205 0.809473842002698 0.536193029490617 0.73695588090793 0.564077189510144 0.739303206727659 0.703736742987412
"uma" 0.229137408529825 0.545562577648139 0.363829613277737 0.850356758870101 0.980702309395761 0.658455341234797 0.718362527061602 0.652153064160353 0.606235565819861 0.671504386439944 0.643797444028058 0.39862927477446 0.570962479608483 0.778443113772455 0.711362307542389 0.530902167545401 0.562964582422387 0.558551617873652 0.774342358174529 0.292309998500974 0.565981531128984 0.530608234253709 0.643245917862444 0.702338046391276 0.218059272474973
"ao" 0.672629166974647 0.648193161562146 0.813506663396288 0.371420193529469 0.316355583676052 0.53451080641413 0.541232040936823 0.402800421981394 0.562933025404157 0.227445034116755 0.413183434226963 0.538499195747954 0.634402755120537 0.898203592814371 0.487234457220815 0.651728178090217 0.508307826847398 0.603492552645095 0.713932670657367 0.569629740668565 0.426968523483269 0.284956273951066 0.415635823849579 0.397375473616117 0.485677470512439
"com" 0.480449404981891 0.275482093663912 0.404709345106696 0.586452937151794 0.521986713065486 0.743667208924007 0.649478449124188 0.68092452287331 0.837182448036952 0.368244340950937 0.201787258575959 0.188824393314218 0.398767446075766 0.513259195893926 0.711362307542389 0.41373755125952 0.344337560122431 0.61633281972265 0.593113295623044 0.284814870334283 0.397180021844901 0.314434509187383 0.425531914893617 0.591442565382127 0.535236396074933
"por" 0.768719047971025 0.334899800140442 0.22075055187638 0.635324015247776 0.949066751028156 0.75916027577659 0.747884274749065 0.920686678814616 0.606235565819861 0.205783602296112 0.317094263476506 0.38464228267711 0.199383723037883 0.367835757057314 0.399532254921068 0.292911540714704 0.338871884564932 0.507190549563431 0.444834971717283 0.247339229500824 0.506404527852249 0.432347450132652 0.593765462642256 0.517512244709361 0.485677470512439
"d" 1.30830068741223 0.167449900070221 0.0981113563895021 0 0 0 0 0 0.0144341801385681 0 0 0.349674802433737 1.54069240529273 1.12061591103507 0.896511401286299 1.03617457527827 1.05487538259729 0.75115562403698 0.719424460431655 0.284814870334283 0.0496475027306126 0.00982607841210573 0 0.0277238702522872 0
"mais" 0.317835760218789 0.351104629179495 0.519172594227782 0.635324015247776 0.411262258778867 0.286621736772794 0.492029128124385 0.258943128416611 0.505196304849885 0.509043647785119 0.432401268377054 0.482551227358557 0.453144825086097 0.290846877673225 0.331319430910154 0.457674282366725 0.69960647135986 0.552131484334874 0.565654346751606 0.337280767501124 0.287955515837553 0.294782352363172 0.267194458189015 0.295721282691064 0.792942808999901
"meu" 0.347401877448444 0.232269216226435 0.11037527593819 0.2834522529567 0.395444479595065 0.542257339840421 0.413304467624483 0.450752853169656 0.562933025404157 0.357413625040615 0.249831843951187 0.874187006084342 0.335327170563712 0.171086398631309 0.126680958877412 0.150117164616286 0.344337560122431 0.654853620955316 0.642539403591631 0.891920251836306 0.82414854532817 0.835216665028987 0.831271647699159 0.702338046391276 0.198235702249975
"para" 0.221745879222411 0.183654729109275 0.183958793230316 1.01651842439644 0.980702309395761 0.735920675497715 0.816768352686479 0.930277165052268 0.92378752886836 0.758150113722517 0.230614009801095 0.25176585775229 0.244698205546493 0.513259195893926 0.60417072695381 0.248974809607499 0.174901617839965 0.365947611710324 0.477785710363007 0.277319742167591 0.446827524575514 0.353738822835806 0.475012370113805 0.351169023195638 0.545148181187432
"dos" 0.561756227363442 0.388915896937287 0.445589076935655 0.449613918483042 0.173995571021829 0.673948408087381 0.344420389687069 0.402800421981394 0.663972286374134 0.227445034116755 0.393965600076871 0.356668298482411 0.32626427406199 0.248075278015398 0.34106412005457 0.80916813122437 0.60122431132488 0.423728813559322 0.362458125102971 0.254834357667516 0.168801509284083 0.13756509776948 0.188025729836715 0.157101931429628 0.455942115174943
"mas" 0.14043905684086 0.286285313023281 0.327037854631674 0.733066171439742 0.727617842454919 0.317607870477961 0.531391458374336 0.421981394456699 0.360854503464203 0.888118704646377 0.586143941577784 0.167843905168194 0.679717237629146 0.18819503849444 0.194893782888326 0.263620386643234 0.306077831219939 0.481510015408321 0.532703608105882 0.284814870334283 0.655347036044087 0.442173528544758 0.593765462642256 0.415858053784308 0.406383189612449
"das" 0.450883287752236 0.248474045265489 0.298422042351402 0.322549115433486 0.458715596330275 0.689441474939964 0.305058059437119 0.527476743070874 0.245381062355658 0.25993718184772 0.182569424425867 0.174837401216868 0.226572412543049 0.28229255774166 0.253361917754824 0.600468658465144 0.573895933537385 0.276065742167437 0.362458125102971 0.367261280167891 0.11915400655347 0.117912940945269 0.148441365660564 0.221790962018298 0.327088908712459
"sem" 0.25870352575948 0.140441851671798 0.130815141852669 0.273678037337504 0.474533375514078 0.271128669920211 0.432985632749459 0.431571880694351 0.389722863741339 0.530705079605762 0.4420101854521 0.209804881460242 0.435019032082654 0.256629597946963 0.380042876632235 0.311218512009373 0.306077831219939 0.276065742167437 0.280081278488659 0.202368460500675 0.685135537682455 0.540434312665815 0.692726373082632 0.619166435634415 0.327088908712459
"te" 0.391751053292926 0.432128774374764 0.286158122802714 0.166161665526342 0.205631129389434 0.123944534820668 0.236173981499705 0.143857293564784 0.288683602771363 0.38990577277158 0.701450946478332 0.622421148332051 0.262823998549937 0.265183917878529 0.175404404599493 0.380785002929115 0.327940533449934 0.622752953261428 0.302048437585809 0.254834357667516 0.287955515837553 0.432347450132652 0.188025729836715 0.157101931429628 0.465853900287442
"minha" 0.273486584374307 0.23767082590612 0.0899354100237102 0.518033427817418 0.664346725719709 0.588736540398172 0.482188545561897 0.354847990793133 0.346420323325635 0.249106465937398 0.163351590275776 0.573466675991328 0.199383723037883 0.0684345594525235 0.116936269732996 0.109841827768014 0.191298644512462 0.507190549563431 0.356966335328684 0.54714435616849 0.486545526760004 0.432347450132652 0.425531914893617 0.36965160336383 0.118941421349985
"vida" 0.480449404981891 0.345703019499811 0.298422042351402 0.185710096764735 0.221448908573236 0.379580137888295 0.570753788624287 0.508295770595569 0.418591224018476 0.205783602296112 0.192178341500913 0.38464228267711 0.271886895051659 0.0855431993156544 0.0877022022997466 0.102519039250146 0.158504591167468 0.199024139702106 0.148278323905761 0.374756408334583 0.377321020752656 0.599390783138449 0.415635823849579 0.415858053784308 0.931707800574884
"á" 0.694803754896888 0.518554529249716 0.576404218788325 0.0195484312383931 0 0.0464792005577504 0.0098405825624877 0 0.115473441108545 0 0.0288267512251369 0 0.444081928584376 0.48759623609923 0.380042876632235 0.582161687170475 0.404459991254919 0.558551617873652 0.604096875171618 0.427222305501424 0.00992950054612253 0 0 0 0
"tudo" 0.155222115455688 0.194457948468644 0.134903115035565 0.322549115433486 0.237266687757039 0.550003873266713 0.708521944499114 0.738467440299223 0.793879907621247 0.162460738654825 0.4420101854521 0.216798377508917 0.244698205546493 0.153977758768178 0.204638472032742 0.194053895723491 0.120244862264976 0.179763739085773 0.164753693228623 0.217358716834058 0.466686525667759 0.589564704726344 0.514596734289955 0.462064504204787 0.346912478937457
"ó" 0.0073915293074137 0.162048290390536 0.0572316245605429 0 0 0.472538539003796 0.0787246604999016 0.460343339407308 0.0721709006928406 0.0433228636412867 0.0672624195253195 0.286733337995664 0 0.29940119760479 0.253361917754824 0.633421206795548 0.606689986882379 0.654853620955316 1.04344005711461 0.442212561834807 0.0992950054612253 0.13756509776948 0.108857001484414 0.036965160336383 0.0495589255624938
"quem" 0.155222115455688 0.145843461351483 0.159430954132941 0.361645977910273 0.284720025308447 0.232396002788752 0.38378271993702 0.182219238515393 0.274249422632794 0.0541535795516084 0.0384356683001826 0.39862927477446 0.244698205546493 0.307955517536356 0.107191580588579 0.227006444053896 0.311543506777438 0.29532614278377 0.170245483002911 0.269824614000899 1.03266805679674 0.569912547902132 0.672934190994557 0.508270954625266 0.515412825849936
"nos" 0.384359523985513 0.23767082590612 0.228926498242172 0.205258528003128 0.316355583676052 0.317607870477961 0.118086990749852 0.220581183466002 0.144341801385681 0.346582909130293 0.259440761026232 0.314707322190363 0.217509516041327 0.248075278015398 0.311830052621321 0.369800820152314 0.360734586794928 0.16050333846944 0.197704431874348 0.397241792834657 0.139013007645715 0.167043333005797 0.286986640277091 0.0924129008409574 1.09029636237486
"ou" 0.155222115455688 0.151245071031167 0.339301774180361 0.351871762291076 0.268902246124644 0.170423735378418 0.324739224562094 0.412390908219047 0.591801385681293 0.25993718184772 0.259440761026232 0.0909154486327715 0.398767446075766 0.265183917878529 0.272851296043656 0.241652021089631 0.185832968954963 0.13482280431433 0.049426107968587 0.0974366661669915 0.714924039320822 0.569912547902132 0.475012370113805 0.480547084372978 0.574883536524928
"alma" 0.532190110133787 0.448333603413817 0.204398659144796 0.117290587430359 0.221448908573236 0.317607870477961 0.295217476874631 0.239762155941306 0.404157043879908 0.0108307159103217 0.0288267512251369 0.447583747115183 0.299075584556824 0.239520958083832 0.0779575131553304 0.157439953134153 0.191298644512462 0.147663071391885 0.19221264210006 0.262329485834208 0.585840532221229 0.569912547902132 0.583869371598219 0.360410313279734 0.168500346912479
"nem" 0.0591322344593096 0.264678874304543 0.286158122802714 0.430065487244649 0.569440050616893 0.201409869083585 0.344420389687069 0.374028963268438 0.202078521939954 0.335752193219972 0.230614009801095 0.139869920973495 0.299075584556824 0.128314798973482 0.155915026310661 0.172085530169889 0.224092697857455 0.173343605546995 0.0659014772914493 0.104931794333683 0.595770032767352 0.560086469490026 0.564077189510144 0.36965160336383 0.664089602537417
"só" 0.103481410303792 0.151245071031167 0.151255007767149 0.508259212198221 0.648528946535906 0.294368270199086 0.334579807124582 0.316486045842524 0.288683602771363 0.173291454565147 0.144133756125685 0.230785369606266 0.3715787565706 0.111206159110351 0.126680958877412 0.194053895723491 0.196764320069961 0.346687211093991 0.137294744357186 0.142407435167141 0.764571542051435 0.481477842193181 0.415635823849579 0.378892893447925 0.485677470512439
"ser" 0.118264468918619 0.140441851671798 0.0694955441092306 0.459388134102238 0.442897817146473 0.519017739561546 0.51171029324936 0.412390908219047 0.418591224018476 0.0541535795516084 0.0864802536754108 0.342681306385062 0.0815660685154976 0.0513259195893926 0.0779575131553304 0.175746924428823 0.114779186707477 0.109142270159219 0.104344005711461 0.0824464098336082 0.774501042597557 0.795912351380564 0.890648193963384 0.56371869512984 0.257706412924968
"mim" 0.170005174070515 0.102630583914006 0.0245278390973755 0.439839702863845 0.268902246124644 0.557750406693005 0.47234796299941 0.498705284357917 0.490762124711316 0.173291454565147 0.240222926876141 0.440590251066508 0.117817654522385 0.0342172797262618 0.00974468914441629 0.0988576449912126 0.174901617839965 0.250385208012327 0.131802954582899 0.382251536501274 0.486545526760004 0.530608234253709 0.534388916378031 0.406616763700213 0.178412132024978
"quando" 0.34001034814103 0.286285313023281 0.2003106859619 0.381194409148666 0.537804492249288 0.240142536215044 0.167289903562291 0.17262875227774 0.101039260969977 0.0433228636412867 0.0384356683001826 0.216798377508917 0.181257930034439 0.145423438836612 0.146170337166244 0.227006444053896 0.284215128989943 0.340267077555213 0.400900653522983 0.164892819667216 0.238308013106941 0.255478038714749 0.385947550717467 0.166343221513723 0.247794627812469
"já" 0.073915293074137 0.280883703343596 0.212574605510588 0.136839018668752 0.142360012654223 0.116198001394376 0.186971068687266 0.0959048623765225 0.0866050808314088 0.32492147730965 0.288267512251369 0.202811385411567 0.145006344027551 0.171086398631309 0.214383161177158 0.219683655536028 0.213161346742457 0.365947611710324 0.252622329617222 0.307300254834358 0.397180021844901 0.216173725066326 0.336467095497279 0.323445152943351 0.178412132024978
"onde" 0.391751053292926 0.11883541295306 0.151255007767149 0.136839018668752 0.173995571021829 0.247889069641336 0.206652233812242 0.278124100891915 0.202078521939954 0.238275750027077 0.182569424425867 0.237778865654941 0.28094979155338 0.153977758768178 0.155915026310661 0.120826010544815 0.125710537822475 0.154083204930663 0.291064858037234 0.217358716834058 0.506404527852249 0.353738822835806 0.45522018802573 0.323445152943351 0.227971057587471
"amor" 0.413925641215167 0.788635013233944 0.2003106859619 0.0684195093343759 0 0.100704934541793 0.0590434953749262 0.038361944950609 0 0.173291454565147 0.22100509272605 0.748304077208196 0.299075584556824 0.0684345594525235 0.0974468914441629 0.164762741652021 0.224092697857455 0.13482280431433 0.104344005711461 0.149902563333833 0.129083507099593 0.0982607841210573 0.138545274616526 0.240273542186489 0.188323917137476
"lhe" 0.170005174070515 0.41592394533571 0.972937617529229 0.0977421561919656 0.205631129389434 0.0232396002788752 0.0885652430623893 0.0479524311882612 0.0144341801385681 0.140799306834182 0.0288267512251369 0.0559479683893979 0.199383723037883 0.265183917878529 0.321574741765738 0.186731107205624 0.180367293397464 0.192604006163328 0.225163380745785 0.217358716834058 0.00992950054612253 0.0393043136484229 0.0791687283523008 0.101654190925053 0.0892060660124888
"olhos" 0.118264468918619 0.334899800140442 0.474204889215927 0.166161665526342 0.300537804492249 0.139437601673251 0.0885652430623893 0.134266807327131 0.0721709006928406 0.422397920502545 0.15374267320073 0.39862927477446 0.435019032082654 0.0684345594525235 0.0194893782888326 0.0915348564733451 0.240489724529952 0.205444273240883 0.313032017134384 0.337280767501124 0.0297885016383676 0.0786086272968458 0.188025729836715 0.0831716107568617 0.178412132024978
"sol" 0.473057875674477 0.183654729109275 0.183958793230316 0.34209754667188 0.49035115469788 0.100704934541793 0.0787246604999016 0.182219238515393 0.0577367205542725 0.0974764431928951 0.0672624195253195 0.39862927477446 0.262823998549937 0.136869118905047 0.0584681348664978 0.194053895723491 0.262352426759948 0.179763739085773 0.318523806908672 0.322290511167741 0.139013007645715 0.176869411417903 0.168233547748639 0.212549671934202 0.218059272474973
"noite" 0.177396703377929 0.226867606546751 0.196222712779004 0.263903821718307 0.079088895919013 0.147184135099543 0.118086990749852 0.210990697228349 0.202078521939954 0.314090761399329 0.249831843951187 0.356668298482411 0.217509516041327 0.222412318220701 0.175404404599493 0.0146455770357352 0.0327940533449934 0.179763739085773 0.23614696029436 0.562134612501874 0.228378512560818 0.412695293308441 0.286986640277091 0.351169023195638 0.128853206462484
"teu" 0.502623992904132 0.410522335656025 0.138991088218461 0.0390968624767862 0 0.0619722674103339 0.0295217476874631 0.0191809724753045 0.158775981524249 0.303260045489007 0.259440761026232 0.38464228267711 0.199383723037883 0.128314798973482 0.107191580588579 0.28925014645577 0.333406209007433 0.199024139702106 0.0988522159371739 0.404736921001349 0.188660510376328 0.20634764665422 0.0890648193963385 0.147860641345532 0.128853206462484
"tu" 0.229137408529825 0.394317506616972 0.224838525059276 0.127064803049555 0.0949066751028156 0.0697188008366256 0.0688840779374139 0.143857293564784 0.303117782909931 0.0974764431928951 0.0864802536754108 0.272746345898315 0.172195033532717 0.230966638152267 0.0877022022997466 0.351493848857645 0.240489724529952 0.353107344632768 0.175737272777198 0.284814870334283 0.148942508191838 0.0589564704726344 0.0395843641761504 0.0646890305886702 0.138764991574983
"seu" 0.177396703377929 0.0432128774374764 0.171694873681629 0.0977421561919656 0.0632711167352104 0.123944534820668 0.0590434953749262 0.0191809724753045 0.0433025404157044 0.249106465937398 0.0960891707504564 0.0629414644380726 0.407830342577488 0.230966638152267 0.224127850321575 0.446690099589924 0.317009182334937 0.199024139702106 0.23614696029436 0.412232049168041 0.0893655049151028 0.108086862533163 0.20781791192479 0.157101931429628 0.307265338487462
"n" 0.413925641215167 0.23767082590612 0.0858474368408143 0 0 0 0 0 0 0 0 0.0279739841946989 0.0815660685154976 0.521813515825492 0.594426037809394 0.41373755125952 0.530170529077394 0.359527478171546 0.47229392058872 0.262329485834208 0.0297885016383676 0.0196521568242115 0 0 0
"nada" 0.0221745879222411 0.0918273645546373 0.0817594636579184 0.273678037337504 0.268902246124644 0.147184135099543 0.354260972249557 0.258943128416611 0.404157043879908 0.12996859092386 0.0960891707504564 0.167843905168194 0.0996918615189415 0.0342172797262618 0.0974468914441629 0.0878734622144113 0.0983821600349803 0.115562403697997 0.0988522159371739 0.0374756408334583 0.665276536590209 0.491303920605286 0.524492825333993 0.535994824877553 0.654177817424918
"mundo" 0.583930815285683 0.0270080483984227 0.0286158122802714 0.215032743622324 0.332173362859854 0.100704934541793 0.364101554812045 0.105495348614175 0.158775981524249 0.292429329578685 0.269049678101278 0.279739841946989 0.126880551024107 0.162532078699743 0.107191580588579 0.234329232571763 0.14757324005247 0.224704673857216 0.148278323905761 0.269824614000899 0.238308013106941 0.186695489830009 0.257298367144978 0.166343221513723 0.178412132024978
"deus" 0.716978342819129 0.102630583914006 0.0899354100237102 0.175935881145538 0.126542233470421 0.147184135099543 0.216492816374729 0.115085834851827 0.274249422632794 0.0541535795516084 0.0192178341500913 0.209804881460242 0.126880551024107 0.658682634730539 0.350808809198987 0.10618043350908 0.14757324005247 0.250385208012327 0.197704431874348 0.254834357667516 0.109224506007348 0.245651960302643 0.0692726373082632 0.101654190925053 0.188323917137476
"sou" 0.0443491758444822 0.0864257548749527 0.0245278390973755 0.293226468575897 0.205631129389434 0.154930668525835 0.354260972249557 0.17262875227774 0.519630484988453 0.0974764431928951 0.163351590275776 0.419609762920484 0.0181257930034439 0.0342172797262618 0.0389787565776652 0.150117164616286 0.060122431132488 0.141242937853107 0.0384425284200121 0.367261280167891 0.575911031675107 0.707477645671612 0.376051459673429 0.360410313279734 0.0792942808999901
"dia" 0.214354349914997 0.172851509749905 0.171694873681629 0.175935881145538 0.142360012654223 0.170423735378418 0.137768155874828 0.115085834851827 0.158775981524249 0.162460738654825 0.124915921975593 0.195817889362893 0.154069240529273 0.162532078699743 0.136425648021828 0.128148799062683 0.213161346742457 0.250385208012327 0.219671590971498 0.172387947833908 0.188660510376328 0.245651960302643 0.346363186541316 0.332686443027447 0.327088908712459
"luz" 0.724369872126543 0.194457948468644 0.134903115035565 0.136839018668752 0.0632711167352104 0.0852118676892091 0.0393623302499508 0.0959048623765225 0.0288683602771363 0.0108307159103217 0.0672624195253195 0.230785369606266 0.389704549574044 0.248075278015398 0.18514909374391 0.161101347393087 0.295146480104941 0.115562403697997 0.126311164808611 0.629590766002099 0.0992950054612253 0.0982607841210573 0.168233547748639 0.0924129008409574 0.0198235702249975
"sei" 0.125655998226033 0.113433803273375 0.0204398659144796 0.371420193529469 0.442897817146473 0.185916802231002 0.186971068687266 0.278124100891915 0.23094688221709 0.140799306834182 0.0864802536754108 0.26575284984964 0.0634402755120537 0.0342172797262618 0.0292340674332489 0.0659050966608084 0.131176213379974 0.13482280431433 0.126311164808611 0.0974366661669915 0.496475027306127 0.461825685368969 0.633349826818407 0.471305794288883 0.138764991574983
"são" 0.0665237637667233 0.0972289742343218 0.0817594636579184 0.420291271625452 0.379626700411262 0.216902935936169 0.236173981499705 0.134266807327131 0.245381062355658 0.444059352323189 0.278658595176324 0.258759353800965 0.0634402755120537 0.102651839178785 0.126680958877412 0.073227885178676 0.153038915609969 0.29532614278377 0.197704431874348 0.142407435167141 0.178731009830206 0.167043333005797 0.217714002968827 0.249514832270585 0.227971057587471
"meus" 0.110872939611206 0.221465996867066 0.0817594636579184 0.215032743622324 0.221448908573236 0.247889069641336 0.108246408187365 0.191809724753045 0.23094688221709 0.368244340950937 0.105698087825502 0.524512203650605 0.244698205546493 0.00855431993156544 0.0487234457220815 0.054920913884007 0.174901617839965 0.269645608628659 0.164753693228623 0.299805126667666 0.0992950054612253 0.0786086272968458 0.188025729836715 0.12937806117734 0.0892060660124888
"entre" 0.14043905684086 0.199859558148328 0.228926498242172 0.0195484312383931 0.0949066751028156 0.0697188008366256 0.118086990749852 0.143857293564784 0.0721709006928406 0.162460738654825 0.124915921975593 0.0559479683893979 0.172195033532717 0.0940975192472198 0.272851296043656 0.197715289982425 0.262352426759948 0.154083204930663 0.19221264210006 0.112426922500375 0.218449012014696 0.314434509187383 0.267194458189015 0.304962572775159 0.039647140449995
"tão" 0.177396703377929 0.129638632312429 0.147167034584253 0.0977421561919656 0.079088895919013 0.193663335657293 0.137768155874828 0.201400210990697 0.0577367205542725 0.249106465937398 0.192178341500913 0.237778865654941 0.28094979155338 0.136869118905047 0.0974468914441629 0.0695664909197422 0.0929164844774814 0.571391884951207 0.23614696029436 0.0899415380002998 0.109224506007348 0.0687825488847401 0.148441365660564 0.212549671934202 0.138764991574983
"nas" 0.147830586148274 0.156646680710852 0.216662578693484 0.146613234287948 0.189813350205631 0.170423735378418 0.118086990749852 0.0959048623765225 0.0866050808314088 0.140799306834182 0.172960507350822 0.153856913070844 0.172195033532717 0.171086398631309 0.126680958877412 0.300234329232572 0.409925666812418 0.109142270159219 0.131802954582899 0.127417178833758 0.0397180021844901 0.117912940945269 0.128649183572489 0.0554477405045744 0.109029636237486
"aos" 0.273486584374307 0.194457948468644 0.216662578693484 0.0390968624767862 0.0316355583676052 0.100704934541793 0.098405825624877 0.105495348614175 0.245381062355658 0.0866457272825734 0.0576535024502739 0.11888943282747 0.154069240529273 0.256629597946963 0.146170337166244 0.216022261277094 0.240489724529952 0.173343605546995 0.285573068262947 0.112426922500375 0.0595770032767352 0.0687825488847401 0.138545274616526 0.0462064504204787 0.23788284269997
"há" 0 0 0.0163518927315837 0.322549115433486 0.42708003796267 0.271128669920211 0.324739224562094 0.326076532080176 0.418591224018476 0.357413625040615 0.403574517151917 0.223791873557591 0.00906289650172195 0 0 0 0 0 0 0 0.556052030582862 0.432347450132652 0.435428005937655 0.545236114961649 0.15858856179998
"assim" 0.103481410303792 0.124237022632745 0.11037527593819 0.2834522529567 0.158177791838026 0.0387326671314587 0.108246408187365 0.143857293564784 0.158775981524249 0.0758150113722517 0.0672624195253195 0.286733337995664 0.0271886895051659 0.076988879384089 0.136425648021828 0.161101347393087 0.153038915609969 0.333846944016436 0.25811411939151 0.149902563333833 0.178731009830206 0.196521568242115 0.138545274616526 0.138619351261436 0.168500346912479
"porque" 0.0591322344593096 0.0972289742343218 0.0245278390973755 0.59622715277099 0.79088895919013 0.193663335657293 0.216492816374729 0.17262875227774 0.274249422632794 0.0758150113722517 0.0192178341500913 0.13287642492482 0.0362515860068878 0.0684345594525235 0.0877022022997466 0.0402753368482718 0.00546567555749891 0.154083204930663 0.0823768466143116 0.0974366661669915 0.297885016383676 0.314434509187383 0.445324096981692 0.221790962018298 0.23788284269997
"coração" 0.14043905684086 0.275482093663912 0.155342980950045 0.00977421561919656 0.0158177791838026 0.0929584011155008 0.137768155874828 0.230171669703654 0.216512702078522 0.0108307159103217 0.0576535024502739 0.13287642492482 0.262823998549937 0.0513259195893926 0.0682128240109141 0.0659050966608084 0.125710537822475 0.179763739085773 0.137294744357186 0.187378204167291 0.317744017475921 0.393043136484229 0.24740227610094 0.240273542186489 0.039647140449995
"era" 0.0221745879222411 0.17825311942959 0.286158122802714 0.146613234287948 0.0316355583676052 0.162677201952126 0.167289903562291 0.153447779802436 0.144341801385681 0.173291454565147 0.144133756125685 0.0769284565354221 0.117817654522385 0.136869118905047 0.155915026310661 0.054920913884007 0.218627022299956 0.205444273240883 0.21417980119721 0.127417178833758 0.268096514745308 0.117912940945269 0.118753092528451 0.175584511597819 0
"sempre" 0.103481410303792 0.0486144871171609 0.0245278390973755 0.205258528003128 0.237266687757039 0.131691068246959 0.265695729187168 0.268533614654263 0.346420323325635 0.12996859092386 0.144133756125685 0.258759353800965 0.172195033532717 0.0342172797262618 0.155915026310661 0.146455770357352 0.169435942282466 0.173343605546995 0.120819375034324 0.112426922500375 0.139013007645715 0.0786086272968458 0.267194458189015 0.138619351261436 0.198235702249975
"terra" 0.480449404981891 0.189056338788959 0.228926498242172 0.215032743622324 0.110724454286618 0.0232396002788752 0.0590434953749262 0.0863143761388702 0.0721709006928406 0.0974764431928951 0.0960891707504564 0.174837401216868 0.145006344027551 0.0940975192472198 0.126680958877412 0.128148799062683 0.142107564494972 0.166923472008218 0.142786534131473 0.269824614000899 0.0794360043689802 0.0687825488847401 0.0890648193963385 0.0554477405045744 0.118941421349985
"sobre" 0.177396703377929 0.0864257548749527 0.167606900498733 0.0977421561919656 0.126542233470421 0.302114803625378 0.118086990749852 0.0575429174259135 0.115473441108545 0.140799306834182 0.0672624195253195 0.153856913070844 0.154069240529273 0.136869118905047 0.0974468914441629 0.223345049794962 0.169435942282466 0.0834617360041089 0.0988522159371739 0.247339229500824 0.0695065038228577 0.186695489830009 0.0692726373082632 0.12937806117734 0.118941421349985
"tem" 0.103481410303792 0.11883541295306 0.049055678194751 0.322549115433486 0.221448908573236 0.116198001394376 0.177130486124779 0.0671334036635657 0.0866050808314088 0.0866457272825734 0.0288267512251369 0.125882928876145 0.0815660685154976 0.111206159110351 0.155915026310661 0.128148799062683 0.196764320069961 0.192604006163328 0.175737272777198 0.0524658971668416 0.218449012014696 0.343912744423701 0.20781791192479 0.249514832270585 0.0991178511249876
"bem" 0.243920467144652 0.113433803273375 0.0858474368408143 0.166161665526342 0.079088895919013 0.0852118676892091 0.0492029128124385 0.124676321089479 0.101039260969977 0.0433228636412867 0.115307004900548 0.188824393314218 0.0271886895051659 0.128314798973482 0.155915026310661 0.128148799062683 0.235024048972453 0.186183872624551 0.131802954582899 0.104931794333683 0.188660510376328 0.324260587599489 0.217714002968827 0.147860641345532 0.0991178511249876
"mar" 0.221745879222411 0.145843461351483 0.0776714904750225 0.0293226468575897 0 0.302114803625378 0.0196811651249754 0.0575429174259135 0.0577367205542725 0.0974764431928951 0.0960891707504564 0.139869920973495 0.126880551024107 0.0513259195893926 0.0584681348664978 0.0988576449912126 0.20222999562746 0.436569080636877 0.252622329617222 0.0374756408334583 0.148942508191838 0.0786086272968458 0.158337456704602 0.166343221513723 0.109029636237486
"à" 0 0.00540160967968455 0 0.34209754667188 0.284720025308447 0.216902935936169 0.354260972249557 0.326076532080176 0.433025404157044 0.216614318206433 0.105698087825502 0.377648786628436 0.0181257930034439 0.0171086398631309 0 0 0 0.0256805341551104 0.0109835795485749 0.0149902563333833 0.337603018568166 0.235825881890537 0.20781791192479 0.295721282691064 0.416294974724948
"todos" 0.14043905684086 0.0270080483984227 0.0572316245605429 0.166161665526342 0.158177791838026 0.317607870477961 0.265695729187168 0.93986765128992 0.476327944572748 0.151630022744503 0.201787258575959 0.0769284565354221 0.0543773790103317 0.0342172797262618 0.107191580588579 0.0951962507322789 0.0710537822474858 0.0706214689265537 0.0659014772914493 0 0.0794360043689802 0.0589564704726344 0.049480455220188 0.138619351261436 0.039647140449995
"tua" 0.229137408529825 0.221465996867066 0.0776714904750225 0.0390968624767862 0.0316355583676052 0.0232396002788752 0.0492029128124385 0.0191809724753045 0.23094688221709 0.238275750027077 0.163351590275776 0.26575284984964 0.108754758020663 0.076988879384089 0.0389787565776652 0.0951962507322789 0.0874508089199825 0.192604006163328 0.104344005711461 0.509668715335032 0.0496475027306126 0.0687825488847401 0.0890648193963385 0.101654190925053 0.039647140449995
"nunca" 0.0147830586148274 0.0216064387187382 0.126727168669774 0.273678037337504 0.442897817146473 0.131691068246959 0.226333398937217 0.0959048623765225 0.158775981524249 0.0758150113722517 0.0864802536754108 0.181830897265543 0.290012688055102 0.0342172797262618 0.0974468914441629 0.135471587580551 0.0819851333624836 0.115562403697997 0.0988522159371739 0.022485384500075 0.218449012014696 0.13756509776948 0.20781791192479 0.120136771093245 0.148676776687481
"morte" 0.0665237637667233 0.140441851671798 0.22075055187638 0.0488710780959828 0.0316355583676052 0.0929584011155008 0.098405825624877 0.0575429174259135 0.0577367205542725 0.281598613668363 0.105698087825502 0.0349674802433737 0.190320826536161 0.0940975192472198 0.0389787565776652 0.124487404803749 0.060122431132488 0.0577812018489985 0.0549178977428744 0.644581022335482 0.0794360043689802 0.0589564704726344 0.0692726373082632 0.138619351261436 0.109029636237486
"ter" 0.0591322344593096 0.0270080483984227 0.0204398659144796 0.332323331052683 0.316355583676052 0.193663335657293 0.314898641999606 0.210990697228349 0.216512702078522 0 0.0288267512251369 0.111895936778796 0.0362515860068878 0.0256629597946963 0.0292340674332489 0.0475981253661394 0.0327940533449934 0.0770416024653313 0.0768850568400242 0.0149902563333833 0.357462019660411 0.412695293308441 0.277090549233053 0.378892893447925 0.109029636237486
"tenho" 0.0221745879222411 0.0324096580781073 0.00817594636579184 0.224806959241521 0.332173362859854 0.170423735378418 0.659319031686676 0.134266807327131 0.0577367205542725 0.032492147730965 0.115307004900548 0.258759353800965 0.0362515860068878 0.0256629597946963 0.00974468914441629 0.0475981253661394 0.0655881066899869 0.121982537236775 0.0768850568400242 0.022485384500075 0.327673518022043 0.167043333005797 0.336467095497279 0.175584511597819 0.039647140449995
"esta" 0.192179761992756 0.0972289742343218 0.151255007767149 0.0781937249535725 0.079088895919013 0.131691068246959 0.177130486124779 0.038361944950609 0.101039260969977 0.06498429546193 0.0864802536754108 0.153856913070844 0.0453144825086098 0.0940975192472198 0.155915026310661 0.102519039250146 0.0819851333624836 0.121982537236775 0.21417980119721 0.157397691500525 0.109224506007348 0.0687825488847401 0.0593765462642256 0.12937806117734 0.0892060660124888
"vento" 0.0369576465370685 0.0864257548749527 0.0858474368408143 0.0781937249535725 0.173995571021829 0.0232396002788752 0.0196811651249754 0.0191809724753045 0 0.0758150113722517 0.134524839050639 0.146863417022169 0.244698205546493 0.0342172797262618 0 0.10618043350908 0.136641888937473 0.218284540318439 0.153770113680048 0.164892819667216 0.268096514745308 0.255478038714749 0.148441365660564 0.157101931429628 0.128853206462484
"toda" 0.0960898809963781 0.05941770647653 0.114463249121086 0.146613234287948 0.142360012654223 0.154930668525835 0.186971068687266 0.201400210990697 0.129907621247113 0.06498429546193 0.0864802536754108 0.188824393314218 0.145006344027551 0.111206159110351 0.0779575131553304 0.109841827768014 0.109313511149978 0.154083204930663 0.115327585260036 0.0974366661669915 0.0794360043689802 0.0491303920605286 0.0197921820880752 0.231032252102394 0.0297353553374963
"ha" 0.243920467144652 0.0918273645546373 0.17987082004742 0 0 0 0 0 0 0 0 0 0.154069240529273 0.28229255774166 0.292340674332489 0.150117164616286 0.267818102317446 0.314586543400103 0.285573068262947 0.0599610253335332 0 0 0 0.00924129008409574 0
"foi" 0.0665237637667233 0.156646680710852 0.138991088218461 0.0684195093343759 0.0474533375514078 0.0697188008366256 0.108246408187365 0.124676321089479 0.0433025404157044 0.0866457272825734 0.0768713366003651 0.13287642492482 0.0543773790103317 0.128314798973482 0.165659715455077 0.113503222026948 0.0929164844774814 0.102722136620442 0.153770113680048 0.0899415380002998 0.0992950054612253 0.225999803478432 0.118753092528451 0.221790962018298 0.0594707106749926
"triste" 0.0443491758444822 0.113433803273375 0.143079061401357 0.0293226468575897 0.0632711167352104 0.0852118676892091 0.0295217476874631 0.0479524311882612 0.0288683602771363 0.0216614318206433 0.0384356683001826 0.328694314287712 0.0453144825086098 0.0171086398631309 0.0487234457220815 0.10618043350908 0.191298644512462 0.154083204930663 0.120819375034324 0.209863588667366 0.0992950054612253 0.225999803478432 0.178129638792677 0.110895481009149 0.0892060660124888
"olhar" 0.125655998226033 0.151245071031167 0.0735835172921266 0.087967940572769 0.079088895919013 0.0774653342629174 0.0295217476874631 0.0575429174259135 0.0577367205542725 0.0216614318206433 0.0288267512251369 0.293726834044339 0.145006344027551 0.18819503849444 0.0487234457220815 0.0988576449912126 0.125710537822475 0.0770416024653313 0.0768850568400242 0.209863588667366 0.129083507099593 0.0982607841210573 0.237506185056903 0.138619351261436 0.0297353553374963
"sua" 0.0886983516889644 0.0486144871171609 0.0776714904750225 0.136839018668752 0.0632711167352104 0.0464792005577504 0.0590434953749262 0.0575429174259135 0.0144341801385681 0.205783602296112 0.0960891707504564 0.0209804881460242 0.135943447525829 0.0855431993156544 0.0877022022997466 0.175746924428823 0.169435942282466 0.128402670775552 0.164753693228623 0.247339229500824 0.0695065038228577 0.0589564704726344 0.0197921820880752 0.138619351261436 0.227971057587471
"todo" 0.0960898809963781 0.0918273645546373 0.130815141852669 0.127064803049555 0.0949066751028156 0.17817026880471 0.0393623302499508 0.17262875227774 0.158775981524249 0.0974764431928951 0.0576535024502739 0.11888943282747 0.199383723037883 0.0256629597946963 0.204638472032742 0.128148799062683 0.0819851333624836 0.102722136620442 0.120819375034324 0.0974366661669915 0.0695065038228577 0.0884347057089516 0.0593765462642256 0.110895481009149 0.0297353553374963
"voz" 0.0517407051518959 0.113433803273375 0.134903115035565 0.0293226468575897 0.0158177791838026 0.116198001394376 0.0295217476874631 0 0.0433025404157044 0.0541535795516084 0.0960891707504564 0.195817889362893 0.145006344027551 0.0513259195893926 0.0389787565776652 0.212360867018161 0.125710537822475 0.16050333846944 0.0549178977428744 0.22485384500075 0.0992950054612253 0.108086862533163 0.0593765462642256 0.147860641345532 0.039647140449995
"lá" 0.0147830586148274 0.0756225355155836 0.0245278390973755 0.117290587430359 0.0949066751028156 0.116198001394376 0.137768155874828 0.393209935743742 0.187644341801386 0.0541535795516084 0 0.188824393314218 0.0271886895051659 0.0940975192472198 0.155915026310661 0.018306971294669 0.0437254044599913 0.282485875706215 0.318523806908672 0.0674561535002249 0.0496475027306126 0 0.0890648193963385 0.157101931429628 0.0495589255624938
"mesmo" 0.0960898809963781 0.0648193161562146 0.0613195977434388 0.146613234287948 0.158177791838026 0.123944534820668 0.177130486124779 0.239762155941306 0.288683602771363 0.0758150113722517 0.105698087825502 0.111895936778796 0.181257930034439 0.0598802395209581 0.0779575131553304 0.0292911540714704 0.0437254044599913 0.0449409347714432 0.109835795485749 0.0674561535002249 0.109224506007348 0.117912940945269 0.158337456704602 0.12937806117734 0.23788284269997
