"Arriaga" "Assis_1" "Assis_2" "Caeiro_1" "Caeiro_2" "Campos_1" "Campos_2" "Campos_3" "Campos_4" "Drummond_1" "Drummond_2" "Espanca" "Feijó" "Junqueiro_1" "Junqueiro_2" "Leal_1" "Leal_2" "Nobre_1" "Nobre_2" "Pascoaes" "Pessoa_1" "Pessoa_2" "Pessoa_3" "Pessoa_4" "Reis_1"
"a" 4.44970064306305 4.48333603413817 4.25558008339465 3.80392912172573 3.48516777435565 3.35795836131632 3.11767886105605 3.47557443521915 3.28770328770329 2.78349398895267 2.82502162006342 4.21707811735086 5.23835417799529 4.47390932420873 4.02455661664393 3.51493848857645 3.4761696545693 3.3256291730868 3.8497446317755 4.54204766901514 4.0792312218082 4.03635652853792 3.83521333987249 3.55164226355362 3.87550797898702
"e" 3.74011382955133 3.27337546588883 4.07162129016434 4.37211093990755 4.55503323066948 3.36755252806294 3.09064696341683 3.41764819463217 2.88990288990289 3.16256904581393 3.08446238108965 3.44779355199664 3.04513322457858 3.5158254918734 4.6677061001754 4.03851786760398 4.67861827721906 2.92116076014381 2.96556647811522 4.8493479238495 3.25554030202 3.2642689601251 3.83521333987249 3.19548872180451 3.11230052532461
"que" 3.5035848917141 2.54955976881111 3.102771645818 4.41063174114022 4.99270546279786 3.62659503022163 2.97350874031357 3.45626568835683 3.86100386100386 2.03617459114047 1.84491207840876 3.86740331491713 3.32608301613196 2.40376390076989 1.8514909374391 3.44171060339777 2.40489724529952 3.53107344632768 3.03695974518095 3.09548793284365 4.92253383016278 4.77912431587177 4.80627758705248 5.13454689354966 4.68827435821191
"o" 3.59228324340306 3.39221087884189 3.63829613277737 3.25500770416025 3.40411736099854 2.91662669097189 2.66714723373581 2.4618652249469 3.31110331110331 2.61020253438752 2.78658595176324 2.7414504510805 3.36233460213884 3.86655260906758 3.8296628337556 3.56619800820152 2.67818102317446 2.27272727272727 3.06991048382668 2.79568280617599 3.50068640909982 3.80179827990618 3.91368317802845 3.6802532647408 3.60788978094955
"de" 1.98832138369429 2.50634689137363 2.6081268906876 2.29198767334361 2.28562165667045 3.40592919504941 3.82050819967562 3.64935315698011 3.59190359190359 3.37918336402036 3.90122033246853 3.36387159941255 2.45604495196665 2.68605645851155 2.47515104268174 1.51947861745753 1.89112374289462 2.56805341551104 2.92712394969521 3.15544895817718 2.20631496371838 2.5312744331509 2.4717999019127 3.03719825880491 2.03191594806225
"não" 0.406534111907754 1.08572354561659 0.895266127054206 2.44607087827427 2.69087372345599 1.85167418209728 1.00919084519733 1.32264916006951 1.93050193050193 1.75457597747211 1.47977322955703 0.951115462619764 0.516585100598151 0.521813515825492 0.467745078931982 0.5199179847686 0.677743769129864 1.27760657421674 0.928112471854577 0.487183330834957 2.27495587370073 1.87646598905395 2.27562530652281 2.22595963593194 2.07156308851224
"um" 1.07177174957499 1.2585750553665 0.923881939334478 1.12673343605547 0.778083968228238 1.0073875083949 1.00919084519733 0.830276115080131 0.865800865800866 1.07224087512185 1.2203324685308 0.979089446814463 1.17817654522385 2.31822070145423 2.04638472032742 1.56341534856473 1.65063401836467 0.841037493579866 0.955571420726015 0.86193973916954 0.990390272602471 1.07505863956216 1.23589995095635 1.24653739612188 0.634354247199921
"do" 1.62613644763101 1.49624588127262 1.34085520398986 0.982280431432974 0.79429405089966 0.978605008155042 1.00018021265093 1.15852481173972 1.25190125190125 0.823134409184447 0.97050062457961 0.755297573256871 1.00598151169114 1.47134302822926 1.05242642759696 1.57439953134153 1.0166156536948 0.738315356959425 0.933604261628865 1.05681307150352 1.26495391253187 1.03596559812353 1.3339872486513 0.93984962406015 1.03082565169987
"é" 0.532190110133787 0.65359477124183 0.502820701496198 2.16679506933744 2.69087372345599 1.05535834212799 0.666786808433952 0.926819849391774 1.38060138060138 1.09390230694249 0.884020370904199 1.1888943282747 0.670654341127424 1.17194183062447 0.808809198986552 0.662712360867018 0.579361609094884 0.969440164355419 0.87868636388599 1.01933743067006 1.73563443812512 2.01329163408913 1.68710152035311 1.99841709537 1.34800277529983
"os" 1.04959716165275 0.864257548749527 1.35720709672145 0.963020030816641 0.891554546928189 1.05535834212799 1.09929717066138 1.55435412241746 0.666900666900667 0.833965125094769 1.19150571730566 0.986082942863137 0.679717237629146 1.14627887082977 1.10114987331904 1.40963678968951 1.59051158723218 0.918079096045198 1.13130869350321 0.652076150502174 0.500098058442832 0.498436278342455 0.62775870524767 0.415512465373961 1.24888492417484
"em" 1.92918914923498 1.05331388753849 0.645899762897555 0.577812018489985 0.567352893499757 0.997793341648278 0.919084519733285 0.820621741648967 0.947700947700948 1.13722517058378 1.03776304410493 1.32177075319952 1.49537792278412 0.846877673224979 1.29604365620737 0.867750439367311 0.890905115872322 0.905238828967643 0.697457301334505 1.701394093839 1.26495391253187 1.15324472243941 0.931829328102011 1.02888800949743 0.862325304787392
"se" 0.93872422204154 1.08032193593691 1.00972937617529 1.2904468412943 1.53995785378505 0.98819917490166 0.901063254640476 0.724078007337324 1.13490113490113 1.3971623524315 1.71038723935812 0.874187006084342 1.55881819829618 0.761334473909324 0.711362307542389 0.59680726420621 0.694140795802361 0.770416024653313 0.653522983140205 0.989356918003298 1.24534222396548 1.26075058639562 1.1378126532614 1.34546893549664 1.07047279214987
"da" 1.35264986325671 1.19375573921028 1.32041533807538 0.876348228043143 0.79429405089966 0.969010841408424 0.819967561722833 0.91716547596061 1.01790101790102 0.606520090978014 0.845584702604017 0.601440660186027 1.06035889070147 1.40290846877673 0.711362307542389 1.21192149970709 0.74879755137735 0.757575757575758 0.752375199077379 1.22920101933743 0.921749362620122 0.703674745895231 0.97106424717999 0.652948159873368 0.743383883437407
"as" 0.864808928967403 0.956084913304165 0.964761671163437 1.15562403697997 0.923974712271033 0.825098340209153 1.1443503333934 1.10059857115273 0.631800631800632 0.541535795516084 0.701450946478332 0.741310581159522 0.7431575131412 0.76988879384089 0.828298577275385 1.2997949619215 1.25710537822475 0.828197226502311 0.96655500027459 0.846949482836156 0.42165130417729 0.488663017982799 0.519862677783227 0.623268698060942 0.832589949449896
"me" 0.561756227363442 0.442931993734133 0.302510015534298 1.16525423728814 1.34543686172799 1.33358917777991 1.10830780320779 1.17783355860205 1.01790101790102 0.84479584100509 0.720668780628423 1.19588782432338 0.208446619539605 0.128314798973482 0.302085363476905 0.314879906268307 0.60122431132488 1.1748844375963 0.840243835465978 0.577124868835257 1.43165326534615 1.23143080531665 1.22609122118686 1.20696478037198 0.812766379224898
"como" 0.606105403207924 0.588775455085615 0.654075709263347 1.10747303543914 1.06986545631383 0.825098340209153 0.883041989547666 0.588916779301023 0.737100737100737 0.444059352323189 0.393965600076871 0.804252045597594 1.09661047670836 0.863986313088109 0.652894172675892 1.01054481546573 0.890905115872322 0.507190549563431 0.604096875171618 0.397241792834657 0.755050009805844 0.684128225175919 0.66699362432565 0.662841313810843 0.664089602537417
"no" 0.680020696282061 0.550964187327824 0.71130733382389 0.587442218798151 0.583562976171178 0.623620838530174 0.684808073526762 0.627534273025681 0.585000585000585 1.13722517058378 1.19150571730566 0.433596755017833 0.951604132680805 0.513259195893926 0.487234457220815 0.695664909197422 0.721469173589856 0.667693888032871 0.516228238783019 0.704542047669015 0.77466169837223 0.80140734949179 0.617949975478176 0.633161851998417 0.614530676974923
"eu" 0.613496932515337 0.523956138929401 0.17987082004742 0.934129429892142 1.05365537364241 1.04576417538137 0.720850603712381 1.22610542575787 0.772200772200772 0.238275750027077 0.134524839050639 1.17490733617735 0.244698205546493 0.29940119760479 0.302085363476905 0.527240773286467 0.579361609094884 1.19414483821263 0.66450656268878 0.667066406835557 0.872720141204158 1.03596559812353 0.853359489946052 0.781559161060546 0.227971057587471
"na" 0.569147756670855 0.318694971101388 0.572316245605429 0.442989214175655 0.356621818771276 0.709968339249736 0.486574157505857 0.511681791851709 0.713700713700714 0.736488681901874 0.912847122129336 0.412616266871809 0.806597788653254 0.530367835757057 0.623660105242643 0.637082601054482 0.475513773502405 0.513610683102208 0.653522983140205 0.809473842002698 0.627574034124338 0.605942142298671 0.608141245708681 0.54412346656114 0.703736742987412
"ao" 0.672629166974647 0.648193161562146 0.813506663396288 0.37557781201849 0.307991570757011 0.566055838050465 0.531627320237881 0.502027418420545 0.40950040950041 0.227445034116755 0.413183434226963 0.538499195747954 0.634402755120537 0.898203592814371 0.487234457220815 0.651728178090217 0.508307826847398 0.603492552645095 0.713932670657367 0.569629740668565 0.42165130417729 0.400703674745895 0.559097596861207 0.405619311436486 0.485677470512439
"uma" 0.229137408529825 0.545562577648139 0.363829613277737 0.99191063174114 0.745663802885395 0.64280917202341 0.612723013155523 0.753041127630817 0.643500643500644 0.671504386439944 0.643797444028058 0.39862927477446 0.570962479608483 0.778443113772455 0.711362307542389 0.530902167545401 0.562964582422387 0.558551617873652 0.774342358174529 0.292309998500974 0.607962345557953 0.576622361219703 0.519862677783227 0.741986545310645 0.218059272474973
"com" 0.480449404981891 0.275482093663912 0.404709345106696 0.568181818181818 0.551142810828335 0.815504173462535 0.693818706073166 0.791658621355474 0.54990054990055 0.368244340950937 0.201787258575959 0.188824393314218 0.398767446075766 0.513259195893926 0.711362307542389 0.41373755125952 0.344337560122431 0.61633281972265 0.593113295623044 0.284814870334283 0.402039615610904 0.449569976544175 0.451201569396763 0.494657696873763 0.535236396074933
"por" 0.768719047971025 0.334899800140442 0.22075055187638 0.712634822804314 0.826714216242503 0.64280917202341 0.675797440980357 0.965437343116432 0.819000819000819 0.205783602296112 0.317094263476506 0.38464228267711 0.199383723037883 0.367835757057314 0.399532254921068 0.292911540714704 0.338871884564932 0.507190549563431 0.444834971717283 0.247339229500824 0.402039615610904 0.478889757623143 0.64737616478666 0.494657696873763 0.485677470512439
"d" 1.30830068741223 0.167449900070221 0.0981113563895021 0 0 0.00959416674661806 0 0 0 0 0 0.349674802433737 1.54069240529273 1.12061591103507 0.896511401286299 1.03617457527827 1.05487538259729 0.75115562403698 0.719424460431655 0.284814870334283 0.0196116885663856 0.019546520719312 0.0294261893084846 0.0494657696873763 0
"mais" 0.317835760218789 0.351104629179495 0.519172594227782 0.577812018489985 0.50251256281407 0.354984169624868 0.234276446206524 0.376520563815408 0.54990054990055 0.509043647785119 0.432401268377054 0.482551227358557 0.453144825086097 0.290846877673225 0.331319430910154 0.457674282366725 0.69960647135986 0.552131484334874 0.565654346751606 0.337280767501124 0.264757795646205 0.361610633307271 0.215792054928887 0.385833003561535 0.792942808999901
"meu" 0.347401877448444 0.232269216226435 0.11037527593819 0.269645608628659 0.421462149456962 0.633215005276792 0.468552892413047 0.463409924695887 0.374400374400374 0.357413625040615 0.249831843951187 0.874187006084342 0.335327170563712 0.171086398631309 0.126680958877412 0.150117164616286 0.344337560122431 0.654853620955316 0.642539403591631 0.891920251836306 0.794273386938615 0.869820172009382 0.68661108386464 0.761772853185596 0.198235702249975
"para" 0.221745879222411 0.183654729109275 0.183958793230316 1.00154083204931 1.00502512562814 0.834692506955771 0.693818706073166 0.791658621355474 1.08810108810109 0.758150113722517 0.230614009801095 0.25176585775229 0.244698205546493 0.513259195893926 0.60417072695381 0.248974809607499 0.174901617839965 0.365947611710324 0.477785710363007 0.277319742167591 0.42165130417729 0.390930414386239 0.402157920549289 0.435298773248912 0.545148181187432
"dos" 0.561756227363442 0.388915896937287 0.445589076935655 0.327426810477658 0.372831901442697 0.518085004317375 0.657776175887547 0.473064298127052 0.397800397800398 0.227445034116755 0.393965600076871 0.356668298482411 0.32626427406199 0.248075278015398 0.34106412005457 0.80916813122437 0.60122431132488 0.423728813559322 0.362458125102971 0.254834357667516 0.147087664247892 0.224784988272088 0.196174595389897 0.128611001187178 0.455942115174943
"mas" 0.14043905684086 0.286285313023281 0.327037854631674 0.635593220338983 0.891554546928189 0.39336083661134 0.396467832041809 0.35721181695308 0.491400491400491 0.888118704646377 0.586143941577784 0.167843905168194 0.679717237629146 0.18819503849444 0.194893782888326 0.263620386643234 0.306077831219939 0.481510015408321 0.532703608105882 0.284814870334283 0.451068837026868 0.557075840500391 0.529671407552722 0.633161851998417 0.406383189612449
"das" 0.450883287752236 0.248474045265489 0.298422042351402 0.365947611710324 0.389041984114119 0.335795836131632 0.693818706073166 0.521336165282873 0.304200304200304 0.25993718184772 0.182569424425867 0.174837401216868 0.226572412543049 0.28229255774166 0.253361917754824 0.600468658465144 0.573895933537385 0.276065742167437 0.362458125102971 0.367261280167891 0.186311041380663 0.0781860828772478 0.176557135850907 0.267115156311832 0.327088908712459
"sem" 0.25870352575948 0.140441851671798 0.130815141852669 0.346687211093991 0.356621818771276 0.479708337330903 0.198233916020905 0.453755551264723 0.374400374400374 0.530705079605762 0.4420101854521 0.209804881460242 0.435019032082654 0.256629597946963 0.380042876632235 0.311218512009373 0.306077831219939 0.276065742167437 0.280081278488659 0.202368460500675 0.696214944106688 0.596168881939015 0.64737616478666 0.672734467748318 0.327088908712459
"te" 0.391751053292926 0.432128774374764 0.286158122802714 0.115562403697997 0.291781488085589 0.249448335412069 0.162191385835286 0.0772349874493145 0.269100269100269 0.38990577277158 0.701450946478332 0.622421148332051 0.262823998549937 0.265183917878529 0.175404404599493 0.380785002929115 0.327940533449934 0.622752953261428 0.302048437585809 0.254834357667516 0.166699352814277 0.215011727912432 0.255026974006866 0.286901464186783 0.465853900287442
"minha" 0.273486584374307 0.23767082590612 0.0899354100237102 0.51040061633282 0.680823472199708 0.422143336851194 0.612723013155523 0.42479243097123 0.351000351000351 0.249106465937398 0.163351590275776 0.573466675991328 0.199383723037883 0.0684345594525235 0.116936269732996 0.109841827768014 0.191298644512462 0.507190549563431 0.356966335328684 0.54714435616849 0.35301039419494 0.342064112587959 0.519862677783227 0.435298773248912 0.118941421349985
"vida" 0.480449404981891 0.345703019499811 0.298422042351402 0.154083204930663 0.275571405414168 0.450925837091049 0.396467832041809 0.521336165282873 0.514800514800515 0.205783602296112 0.192178341500913 0.38464228267711 0.271886895051659 0.0855431993156544 0.0877022022997466 0.102519039250146 0.158504591167468 0.199024139702106 0.148278323905761 0.374756408334583 0.460874681310061 0.459343236903831 0.372731731240804 0.464978235061338 0.931707800574884
"á" 0.694803754896888 0.518554529249716 0.576404218788325 0.0192604006163328 0 0.0575650004797083 0.0630744278248333 0 0.0234000234000234 0 0.0288267512251369 0 0.444081928584376 0.48759623609923 0.380042876632235 0.582161687170475 0.404459991254919 0.558551617873652 0.604096875171618 0.427222305501424 0 0 0 0 0
"ó" 0.0073915293074137 0.162048290390536 0.0572316245605429 0 0 0.105535834212799 0.540637952784286 0.453755551264723 0.0468000468000468 0.0433228636412867 0.0672624195253195 0.286733337995664 0 0.29940119760479 0.253361917754824 0.633421206795548 0.606689986882379 0.654853620955316 1.04344005711461 0.442212561834807 0.0686409099823495 0.136825645035184 0.166748406081412 0.0593589236248516 0.0495589255624938
"tudo" 0.155222115455688 0.194457948468644 0.134903115035565 0.279275808936826 0.307991570757011 0.825098340209153 0.495584790052262 0.704769260474995 0.713700713700714 0.162460738654825 0.4420101854521 0.216798377508917 0.244698205546493 0.153977758768178 0.204638472032742 0.194053895723491 0.120244862264976 0.179763739085773 0.164753693228623 0.217358716834058 0.382427927044519 0.459343236903831 0.461010299166258 0.593589236248516 0.346912478937457
"quem" 0.155222115455688 0.145843461351483 0.159430954132941 0.250385208012327 0.470092397471227 0.335795836131632 0.288340241484952 0.193087468623286 0.234000234000234 0.0541535795516084 0.0384356683001826 0.39862927477446 0.244698205546493 0.307955517536356 0.107191580588579 0.227006444053896 0.311543506777438 0.29532614278377 0.170245483002911 0.269824614000899 0.70602078838988 0.820953870211102 0.676802354095145 0.435298773248912 0.515412825849936
"nos" 0.384359523985513 0.23767082590612 0.228926498242172 0.192604006163328 0.340411736099854 0.134318334452653 0.351414669309786 0.260668082641437 0.0702000702000702 0.346582909130293 0.259440761026232 0.314707322190363 0.217509516041327 0.248075278015398 0.311830052621321 0.369800820152314 0.360734586794928 0.16050333846944 0.197704431874348 0.397241792834657 0.24514610707982 0.205238467552776 0.0882785679254537 0.138504155124654 1.09029636237486
"ou" 0.155222115455688 0.151245071031167 0.339301774180361 0.346687211093991 0.275571405414168 0.498896670824139 0.126148855649667 0.270322456072601 0.526500526500526 0.25993718184772 0.259440761026232 0.0909154486327715 0.398767446075766 0.265183917878529 0.272851296043656 0.241652021089631 0.185832968954963 0.13482280431433 0.049426107968587 0.0974366661669915 0.59815650127476 0.527756059421423 0.353114271701815 0.56390977443609 0.574883536524928
"alma" 0.532190110133787 0.448333603413817 0.204398659144796 0.115562403697997 0.226941157399903 0.364578336371486 0.306361506577762 0.279976829503765 0.269100269100269 0.0108307159103217 0.0288267512251369 0.447583747115183 0.299075584556824 0.239520958083832 0.0779575131553304 0.157439953134153 0.191298644512462 0.147663071391885 0.19221264210006 0.262329485834208 0.637379878407531 0.469116497263487 0.500245218244237 0.455085081123862 0.168500346912479
"só" 0.103481410303792 0.151245071031167 0.151255007767149 0.625963020030817 0.453882314799805 0.34539000287825 0.405478464588214 0.308939949797258 0.14040014040014 0.173291454565147 0.144133756125685 0.230785369606266 0.3715787565706 0.111206159110351 0.126680958877412 0.194053895723491 0.196764320069961 0.346687211093991 0.137294744357186 0.142407435167141 0.470680525593254 0.508209538702111 0.431584109857773 0.633161851998417 0.485677470512439
"nem" 0.0591322344593096 0.264678874304543 0.286158122802714 0.539291217257319 0.389041984114119 0.326201669385014 0.153180753288881 0.308939949797258 0.362700362700363 0.335752193219972 0.230614009801095 0.139869920973495 0.299075584556824 0.128314798973482 0.155915026310661 0.172085530169889 0.224092697857455 0.173343605546995 0.0659014772914493 0.104931794333683 0.500098058442832 0.488663017982799 0.441392839627268 0.445191927186387 0.664089602537417
"ser" 0.118264468918619 0.140441851671798 0.0694955441092306 0.51040061633282 0.356621818771276 0.412549170104576 0.414489097134619 0.347557443521915 0.772200772200772 0.0541535795516084 0.0864802536754108 0.342681306385062 0.0815660685154976 0.0513259195893926 0.0779575131553304 0.175746924428823 0.114779186707477 0.109142270159219 0.104344005711461 0.0824464098336082 0.676603255540302 0.791634089132135 0.68661108386464 0.761772853185596 0.257706412924968
"mim" 0.170005174070515 0.102630583914006 0.0245278390973755 0.356317411402157 0.405252066785541 0.566055838050465 0.531627320237881 0.540644912145202 0.374400374400374 0.173291454565147 0.240222926876141 0.440590251066508 0.117817654522385 0.0342172797262618 0.00974468914441629 0.0988576449912126 0.174901617839965 0.250385208012327 0.131802954582899 0.382251536501274 0.52951559129241 0.576622361219703 0.461010299166258 0.405619311436486 0.178412132024978
"quando" 0.34001034814103 0.286285313023281 0.2003106859619 0.471879815100154 0.389041984114119 0.143912501199271 0.180212650928095 0.125506854605136 0.292500292500293 0.0433228636412867 0.0384356683001826 0.216798377508917 0.181257930034439 0.145423438836612 0.146170337166244 0.227006444053896 0.284215128989943 0.340267077555213 0.400900653522983 0.164892819667216 0.24514610707982 0.293197810789679 0.205983325159392 0.227542540561931 0.247794627812469
"onde" 0.391751053292926 0.11883541295306 0.151255007767149 0.163713405238829 0.129680661371373 0.201477501678979 0.252297711299333 0.279976829503765 0.210600210600211 0.238275750027077 0.182569424425867 0.237778865654941 0.28094979155338 0.153977758768178 0.155915026310661 0.120826010544815 0.125710537822475 0.154083204930663 0.291064858037234 0.217358716834058 0.460874681310061 0.498436278342455 0.490436488474743 0.296794618124258 0.227971057587471
"já" 0.073915293074137 0.280883703343596 0.212574605510588 0.154083204930663 0.113470578699951 0.105535834212799 0.108127590556857 0.1351612280363 0.152100152100152 0.32492147730965 0.288267512251369 0.202811385411567 0.145006344027551 0.171086398631309 0.214383161177158 0.219683655536028 0.213161346742457 0.365947611710324 0.252622329617222 0.307300254834358 0.382427927044519 0.254104769351056 0.274644433545856 0.346260387811634 0.178412132024978
"amor" 0.413925641215167 0.788635013233944 0.2003106859619 0.0481510015408321 0.0324201653428432 0.0191883334932361 0.108127590556857 0.028963120293493 0.0702000702000702 0.173291454565147 0.22100509272605 0.748304077208196 0.299075584556824 0.0684345594525235 0.0974468914441629 0.164762741652021 0.224092697857455 0.13482280431433 0.104344005711461 0.149902563333833 0.0784467542655423 0.293197810789679 0.156939676311918 0.118717847249703 0.188323917137476
"olhos" 0.118264468918619 0.334899800140442 0.474204889215927 0.202234206471495 0.243151240071324 0.0959416674661806 0.126148855649667 0.125506854605136 0.105300105300105 0.422397920502545 0.15374267320073 0.39862927477446 0.435019032082654 0.0684345594525235 0.0194893782888326 0.0915348564733451 0.240489724529952 0.205444273240883 0.313032017134384 0.337280767501124 0.117670131398313 0.0586395621579359 0.156939676311918 0.0692520775623269 0.178412132024978
"lhe" 0.170005174070515 0.41592394533571 0.972937617529229 0.0866718027734977 0.226941157399903 0.0479708337330903 0.0270318976392143 0.0386174937246573 0.0702000702000702 0.140799306834182 0.0288267512251369 0.0559479683893979 0.199383723037883 0.265183917878529 0.321574741765738 0.186731107205624 0.180367293397464 0.192604006163328 0.225163380745785 0.217358716834058 0.0588350656991567 0.0390930414386239 0.0588523786169691 0.0296794618124258 0.0892060660124888
"sol" 0.473057875674477 0.183654729109275 0.183958793230316 0.414098613251156 0.372831901442697 0.0671591672263264 0.0540637952784285 0.154469974898629 0.175500175500175 0.0974764431928951 0.0672624195253195 0.39862927477446 0.262823998549937 0.136869118905047 0.0584681348664978 0.194053895723491 0.262352426759948 0.179763739085773 0.318523806908672 0.322290511167741 0.0588350656991567 0.166145426114152 0.235409514467876 0.217649386624456 0.218059272474973
"teu" 0.502623992904132 0.410522335656025 0.138991088218461 0.00963020030816641 0.0486302480142649 0.0959416674661806 0.0901063254640476 0.0193087468623286 0.0234000234000234 0.303260045489007 0.259440761026232 0.38464228267711 0.199383723037883 0.128314798973482 0.107191580588579 0.28925014645577 0.333406209007433 0.199024139702106 0.0988522159371739 0.404736921001349 0.205922729947048 0.156372165754496 0.107896027464443 0.286901464186783 0.128853206462484
"noite" 0.177396703377929 0.226867606546751 0.196222712779004 0.211864406779661 0.162100826714216 0.105535834212799 0.180212650928095 0.193087468623286 0.187200187200187 0.314090761399329 0.249831843951187 0.356668298482411 0.217509516041327 0.222412318220701 0.175404404599493 0.0146455770357352 0.0327940533449934 0.179763739085773 0.23614696029436 0.562134612501874 0.274563639929398 0.302971071149335 0.225600784698382 0.395726157499011 0.128853206462484
"seu" 0.177396703377929 0.0432128774374764 0.171694873681629 0.0770416024653313 0.0972604960285297 0.0287825002398542 0.144170120742476 0.0193087468623286 0.0702000702000702 0.249106465937398 0.0960891707504564 0.0629414644380726 0.407830342577488 0.230966638152267 0.224127850321575 0.446690099589924 0.317009182334937 0.199024139702106 0.23614696029436 0.412232049168041 0.0686409099823495 0.224784988272088 0.147130946542423 0.158290462999604 0.307265338487462
"tu" 0.229137408529825 0.394317506616972 0.224838525059276 0.0674114021571649 0.194520992057059 0.220665835172215 0.0810956929176428 0.144815601467465 0.0585000585000585 0.0974764431928951 0.0864802536754108 0.272746345898315 0.172195033532717 0.230966638152267 0.0877022022997466 0.351493848857645 0.240489724529952 0.353107344632768 0.175737272777198 0.284814870334283 0.107864287115121 0.0488663017982799 0.068661108386464 0.0890383854372774 0.138764991574983
"mundo" 0.583930815285683 0.0270080483984227 0.0286158122802714 0.173343605546995 0.405252066785541 0.249448335412069 0.126148855649667 0.154469974898629 0.187200187200187 0.292429329578685 0.269049678101278 0.279739841946989 0.126880551024107 0.162532078699743 0.107191580588579 0.234329232571763 0.14757324005247 0.224704673857216 0.148278323905761 0.269824614000899 0.294175328495783 0.185691946833464 0.215792054928887 0.257222002374357 0.178412132024978
"n" 0.413925641215167 0.23767082590612 0.0858474368408143 0 0 0 0 0 0 0 0 0.0279739841946989 0.0815660685154976 0.521813515825492 0.594426037809394 0.41373755125952 0.530170529077394 0.359527478171546 0.47229392058872 0.262329485834208 0.00980584428319278 0 0 0.0296794618124258 0
"nada" 0.0221745879222411 0.0918273645546373 0.0817594636579184 0.317796610169492 0.194520992057059 0.450925837091049 0.180212650928095 0.0675806140181502 0.421200421200421 0.12996859092386 0.0960891707504564 0.167843905168194 0.0996918615189415 0.0342172797262618 0.0974468914441629 0.0878734622144113 0.0983821600349803 0.115562403697997 0.0988522159371739 0.0374756408334583 0.59815650127476 0.537529319781079 0.470819028935753 0.524337158686189 0.654177817424918
"deus" 0.716978342819129 0.102630583914006 0.0899354100237102 0.13482280431433 0.194520992057059 0.326201669385014 0.0901063254640476 0.1351612280363 0.163800163800164 0.0541535795516084 0.0192178341500913 0.209804881460242 0.126880551024107 0.658682634730539 0.350808809198987 0.10618043350908 0.14757324005247 0.250385208012327 0.197704431874348 0.254834357667516 0.0686409099823495 0.0684128225175919 0.205983325159392 0.108824693312228 0.188323917137476
"luz" 0.724369872126543 0.194457948468644 0.134903115035565 0.154083204930663 0.0324201653428432 0.0671591672263264 0.036042530185619 0.0579262405869859 0.117000117000117 0.0108307159103217 0.0672624195253195 0.230785369606266 0.389704549574044 0.248075278015398 0.18514909374391 0.161101347393087 0.295146480104941 0.115562403697997 0.126311164808611 0.629590766002099 0.17650519709747 0.117279124315872 0.0784698381559588 0.0989315393747527 0.0198235702249975
"dia" 0.214354349914997 0.172851509749905 0.171694873681629 0.192604006163328 0.113470578699951 0.0959416674661806 0.0540637952784285 0.0965437343116432 0.386100386100386 0.162460738654825 0.124915921975593 0.195817889362893 0.154069240529273 0.162532078699743 0.136425648021828 0.128148799062683 0.213161346742457 0.250385208012327 0.219671590971498 0.172387947833908 0.215728574230241 0.351837372947615 0.294261893084846 0.227542540561931 0.327088908712459
"são" 0.0665237637667233 0.0972289742343218 0.0817594636579184 0.423728813559322 0.372831901442697 0.201477501678979 0.207244548567309 0.183433095192122 0.234000234000234 0.444059352323189 0.278658595176324 0.258759353800965 0.0634402755120537 0.102651839178785 0.126680958877412 0.073227885178676 0.153038915609969 0.29532614278377 0.197704431874348 0.142407435167141 0.186311041380663 0.322517591868647 0.215792054928887 0.16818361693708 0.227971057587471
"sou" 0.0443491758444822 0.0864257548749527 0.0245278390973755 0.288906009244992 0.210731074728481 0.537273337810611 0.126148855649667 0.183433095192122 0.245700245700246 0.0974764431928951 0.163351590275776 0.419609762920484 0.0181257930034439 0.0342172797262618 0.0389787565776652 0.150117164616286 0.060122431132488 0.141242937853107 0.0384425284200121 0.367261280167891 0.441262992743675 0.547302580140735 0.431584109857773 0.326474079936684 0.0792942808999901
"sei" 0.125655998226033 0.113433803273375 0.0204398659144796 0.394838212634823 0.405252066785541 0.268636668905306 0.144170120742476 0.231704962347944 0.234000234000234 0.140799306834182 0.0864802536754108 0.26575284984964 0.0634402755120537 0.0342172797262618 0.0292340674332489 0.0659050966608084 0.131176213379974 0.13482280431433 0.126311164808611 0.0974366661669915 0.519709747009217 0.488663017982799 0.353114271701815 0.534230312623664 0.138764991574983
"meus" 0.110872939611206 0.221465996867066 0.0817594636579184 0.221494607087827 0.210731074728481 0.278230835651924 0.1892232834745 0.212396215485615 0.0819000819000819 0.368244340950937 0.105698087825502 0.524512203650605 0.244698205546493 0.00855431993156544 0.0487234457220815 0.054920913884007 0.174901617839965 0.269645608628659 0.164753693228623 0.299805126667666 0.147087664247892 0.0879593432369038 0.156939676311918 0.128611001187178 0.0892060660124888
"tão" 0.177396703377929 0.129638632312429 0.147167034584253 0.115562403697997 0.0486302480142649 0.115130000959417 0.216255181113714 0.164124348329793 0.128700128700129 0.249106465937398 0.192178341500913 0.237778865654941 0.28094979155338 0.136869118905047 0.0974468914441629 0.0695664909197422 0.0929164844774814 0.571391884951207 0.23614696029436 0.0899415380002998 0.156893508531085 0.185691946833464 0.147130946542423 0.158290462999604 0.138764991574983
"nas" 0.147830586148274 0.156646680710852 0.216662578693484 0.202234206471495 0.0972604960285297 0.134318334452653 0.1892232834745 0.125506854605136 0.0234000234000234 0.140799306834182 0.172960507350822 0.153856913070844 0.172195033532717 0.171086398631309 0.126680958877412 0.300234329232572 0.409925666812418 0.109142270159219 0.131802954582899 0.127417178833758 0.088252598548735 0.0293197810789679 0.147130946542423 0.0692520775623269 0.109029636237486
"entre" 0.14043905684086 0.199859558148328 0.228926498242172 0.0674114021571649 0.0162100826714216 0.0959416674661806 0.0720850603712381 0.144815601467465 0.0936000936000936 0.162460738654825 0.124915921975593 0.0559479683893979 0.172195033532717 0.0940975192472198 0.272851296043656 0.197715289982425 0.262352426759948 0.154083204930663 0.19221264210006 0.112426922500375 0.215728574230241 0.302971071149335 0.392349190779794 0.148397309062129 0.039647140449995
"há" 0 0 0.0163518927315837 0.442989214175655 0.226941157399903 0.307013335891778 0.216255181113714 0.453755551264723 0.327600327600328 0.357413625040615 0.403574517151917 0.223791873557591 0.00906289650172195 0 0 0 0 0 0 0 0.637379878407531 0.381157154026583 0.372731731240804 0.623268698060942 0.15858856179998
"aos" 0.273486584374307 0.194457948468644 0.216662578693484 0.0288906009244992 0.0486302480142649 0.153506667945889 0.0630744278248333 0.115852481173972 0.187200187200187 0.0866457272825734 0.0576535024502739 0.11888943282747 0.154069240529273 0.256629597946963 0.146170337166244 0.216022261277094 0.240489724529952 0.173343605546995 0.285573068262947 0.112426922500375 0.117670131398313 0.0488663017982799 0.0294261893084846 0.0395726157499011 0.23788284269997
"assim" 0.103481410303792 0.124237022632745 0.11037527593819 0.317796610169492 0.0972604960285297 0.124724167706035 0.0630744278248333 0.0868893608804789 0.152100152100152 0.0758150113722517 0.0672624195253195 0.286733337995664 0.0271886895051659 0.076988879384089 0.136425648021828 0.161101347393087 0.153038915609969 0.333846944016436 0.25811411939151 0.149902563333833 0.186311041380663 0.175918686473808 0.147130946542423 0.178076770874555 0.168500346912479
"coração" 0.14043905684086 0.275482093663912 0.155342980950045 0.00963020030816641 0.0162100826714216 0.220665835172215 0.0991169580104523 0.183433095192122 0.14040014040014 0.0108307159103217 0.0576535024502739 0.13287642492482 0.262823998549937 0.0513259195893926 0.0682128240109141 0.0659050966608084 0.125710537822475 0.179763739085773 0.137294744357186 0.187378204167291 0.372622082761326 0.273651290070367 0.264835703776361 0.395726157499011 0.039647140449995
"sempre" 0.103481410303792 0.0486144871171609 0.0245278390973755 0.250385208012327 0.162100826714216 0.307013335891778 0.135159488196071 0.251013709210272 0.269100269100269 0.12996859092386 0.144133756125685 0.258759353800965 0.172195033532717 0.0342172797262618 0.155915026310661 0.146455770357352 0.169435942282466 0.173343605546995 0.120819375034324 0.112426922500375 0.215728574230241 0.185691946833464 0.176557135850907 0.0890383854372774 0.198235702249975
"terra" 0.480449404981891 0.189056338788959 0.228926498242172 0.211864406779661 0.113470578699951 0.0575650004797083 0.0270318976392143 0.0675806140181502 0.0819000819000819 0.0974764431928951 0.0960891707504564 0.174837401216868 0.145006344027551 0.0940975192472198 0.126680958877412 0.128148799062683 0.142107564494972 0.166923472008218 0.142786534131473 0.269824614000899 0.088252598548735 0.0879593432369038 0.0784698381559588 0.0791452314998021 0.118941421349985
"era" 0.0221745879222411 0.17825311942959 0.286158122802714 0.105932203389831 0.0972604960285297 0.163100834692507 0.207244548567309 0.106198107742807 0.152100152100152 0.173291454565147 0.144133756125685 0.0769284565354221 0.117817654522385 0.136869118905047 0.155915026310661 0.054920913884007 0.218627022299956 0.205444273240883 0.21417980119721 0.127417178833758 0.17650519709747 0.166145426114152 0.117704757233938 0.138504155124654 0
"porque" 0.0591322344593096 0.0972289742343218 0.0245278390973755 0.597072419106317 0.79429405089966 0.191883334932361 0.198233916020905 0.222050588916779 0.222300222300222 0.0758150113722517 0.0192178341500913 0.13287642492482 0.0362515860068878 0.0684345594525235 0.0877022022997466 0.0402753368482718 0.00546567555749891 0.154083204930663 0.0823768466143116 0.0974366661669915 0.372622082761326 0.2443315089914 0.215792054928887 0.227542540561931 0.23788284269997
"sobre" 0.177396703377929 0.0864257548749527 0.167606900498733 0.115562403697997 0.0972604960285297 0.105535834212799 0.342404036763381 0.0579262405869859 0.117000117000117 0.140799306834182 0.0672624195253195 0.153856913070844 0.154069240529273 0.136869118905047 0.0974468914441629 0.223345049794962 0.169435942282466 0.0834617360041089 0.0988522159371739 0.247339229500824 0.147087664247892 0.156372165754496 0.0980872976949485 0.128611001187178 0.118941421349985
"bem" 0.243920467144652 0.113433803273375 0.0858474368408143 0.125192604006163 0.145890744042795 0.0863475007195625 0.0810956929176428 0.0386174937246573 0.163800163800164 0.0433228636412867 0.115307004900548 0.188824393314218 0.0271886895051659 0.128314798973482 0.155915026310661 0.128148799062683 0.235024048972453 0.186183872624551 0.131802954582899 0.104931794333683 0.24514610707982 0.19546520719312 0.186365865620402 0.227542540561931 0.0991178511249876
"tem" 0.103481410303792 0.11883541295306 0.049055678194751 0.279275808936826 0.291781488085589 0.0671591672263264 0.144170120742476 0.0868893608804789 0.163800163800164 0.0866457272825734 0.0288267512251369 0.125882928876145 0.0815660685154976 0.111206159110351 0.155915026310661 0.128148799062683 0.196764320069961 0.192604006163328 0.175737272777198 0.0524658971668416 0.24514610707982 0.185691946833464 0.215792054928887 0.257222002374357 0.0991178511249876
"mar" 0.221745879222411 0.145843461351483 0.0776714904750225 0.00963020030816641 0.0324201653428432 0.00959416674661806 0.324382771670571 0.0772349874493145 0.0702000702000702 0.0974764431928951 0.0960891707504564 0.139869920973495 0.126880551024107 0.0513259195893926 0.0584681348664978 0.0988576449912126 0.20222999562746 0.436569080636877 0.252622329617222 0.0374756408334583 0.117670131398313 0.136825645035184 0.117704757233938 0.16818361693708 0.109029636237486
"todos" 0.14043905684086 0.0270080483984227 0.0572316245605429 0.115562403697997 0.243151240071324 0.450925837091049 0.351414669309786 0.84958486194246 0.292500292500293 0.151630022744503 0.201787258575959 0.0769284565354221 0.0543773790103317 0.0342172797262618 0.107191580588579 0.0951962507322789 0.0710537822474858 0.0706214689265537 0.0659014772914493 0 0.0294175328495783 0.127052384675528 0.117704757233938 0.108824693312228 0.039647140449995
"à" 0 0.00540160967968455 0 0.327426810477658 0.307991570757011 0.441331670344431 0.1892232834745 0.35721181695308 0.280800280800281 0.216614318206433 0.105698087825502 0.377648786628436 0.0181257930034439 0.0171086398631309 0 0 0 0.0256805341551104 0.0109835795485749 0.0149902563333833 0.235340262796627 0.361610633307271 0.235409514467876 0.237435694499406 0.416294974724948
"tua" 0.229137408529825 0.221465996867066 0.0776714904750225 0.0385208012326656 0.0324201653428432 0.163100834692507 0.0270318976392143 0.00965437343116432 0.0585000585000585 0.238275750027077 0.163351590275776 0.26575284984964 0.108754758020663 0.076988879384089 0.0389787565776652 0.0951962507322789 0.0874508089199825 0.192604006163328 0.104344005711461 0.509668715335032 0.107864287115121 0.14659890539484 0.0392349190779794 0.108824693312228 0.039647140449995
"nunca" 0.0147830586148274 0.0216064387187382 0.126727168669774 0.365947611710324 0.291781488085589 0.115130000959417 0.135159488196071 0.1351612280363 0.234000234000234 0.0758150113722517 0.0864802536754108 0.181830897265543 0.290012688055102 0.0342172797262618 0.0974468914441629 0.135471587580551 0.0819851333624836 0.115562403697997 0.0988522159371739 0.022485384500075 0.137281819964699 0.322517591868647 0.107896027464443 0.138504155124654 0.148676776687481
"morte" 0.0665237637667233 0.140441851671798 0.22075055187638 0.00963020030816641 0.0972604960285297 0.0767533339729445 0.0540637952784285 0.0579262405869859 0.14040014040014 0.281598613668363 0.105698087825502 0.0349674802433737 0.190320826536161 0.0940975192472198 0.0389787565776652 0.124487404803749 0.060122431132488 0.0577812018489985 0.0549178977428744 0.644581022335482 0.0784467542655423 0.0684128225175919 0.0588523786169691 0.108824693312228 0.109029636237486
"ter" 0.0591322344593096 0.0270080483984227 0.0204398659144796 0.346687211093991 0.291781488085589 0.201477501678979 0.144170120742476 0.202741842054451 0.421200421200421 0 0.0288267512251369 0.111895936778796 0.0362515860068878 0.0256629597946963 0.0292340674332489 0.0475981253661394 0.0327940533449934 0.0770416024653313 0.0768850568400242 0.0149902563333833 0.35301039419494 0.263878029710712 0.294261893084846 0.455085081123862 0.109029636237486
"esta" 0.192179761992756 0.0972289742343218 0.151255007767149 0.0963020030816641 0.0486302480142649 0.115130000959417 0.153180753288881 0.0579262405869859 0.128700128700129 0.06498429546193 0.0864802536754108 0.153856913070844 0.0453144825086098 0.0940975192472198 0.155915026310661 0.102519039250146 0.0819851333624836 0.121982537236775 0.21417980119721 0.157397691500525 0.088252598548735 0.0879593432369038 0.107896027464443 0.148397309062129 0.0892060660124888
"tenho" 0.0221745879222411 0.0324096580781073 0.00817594636579184 0.182973805855162 0.405252066785541 0.220665835172215 0.162191385835286 0.337903070090751 0.362700362700363 0.032492147730965 0.115307004900548 0.258759353800965 0.0362515860068878 0.0256629597946963 0.00974468914441629 0.0475981253661394 0.0655881066899869 0.121982537236775 0.0768850568400242 0.022485384500075 0.254951951363012 0.19546520719312 0.274644433545856 0.227542540561931 0.039647140449995
"toda" 0.0960898809963781 0.05941770647653 0.114463249121086 0.154083204930663 0.129680661371373 0.115130000959417 0.162191385835286 0.202741842054451 0.210600210600211 0.06498429546193 0.0864802536754108 0.188824393314218 0.145006344027551 0.111206159110351 0.0779575131553304 0.109841827768014 0.109313511149978 0.154083204930663 0.115327585260036 0.0974366661669915 0.0686409099823495 0.0684128225175919 0.117704757233938 0.178076770874555 0.0297353553374963
"ha" 0.243920467144652 0.0918273645546373 0.17987082004742 0 0 0 0 0 0 0 0 0 0.154069240529273 0.28229255774166 0.292340674332489 0.150117164616286 0.267818102317446 0.314586543400103 0.285573068262947 0.0599610253335332 0 0 0 0.00989315393747527 0
"foi" 0.0665237637667233 0.156646680710852 0.138991088218461 0.0674114021571649 0.0486302480142649 0.0383766669864722 0.0630744278248333 0.106198107742807 0.163800163800164 0.0866457272825734 0.0768713366003651 0.13287642492482 0.0543773790103317 0.128314798973482 0.165659715455077 0.113503222026948 0.0929164844774814 0.102722136620442 0.153770113680048 0.0899415380002998 0.0980584428319278 0.136825645035184 0.215792054928887 0.227542540561931 0.0594707106749926
"vento" 0.0369576465370685 0.0864257548749527 0.0858474368408143 0.0770416024653313 0.178310909385638 0.00959416674661806 0.0270318976392143 0.0193087468623286 0.0117000117000117 0.0758150113722517 0.134524839050639 0.146863417022169 0.244698205546493 0.0342172797262618 0 0.10618043350908 0.136641888937473 0.218284540318439 0.153770113680048 0.164892819667216 0.17650519709747 0.234558248631744 0.196174595389897 0.148397309062129 0.128853206462484
"sua" 0.0886983516889644 0.0486144871171609 0.0776714904750225 0.115562403697997 0.0972604960285297 0.0479708337330903 0.0540637952784285 0.0482718671558216 0.0351000351000351 0.205783602296112 0.0960891707504564 0.0209804881460242 0.135943447525829 0.0855431993156544 0.0877022022997466 0.175746924428823 0.169435942282466 0.128402670775552 0.164753693228623 0.247339229500824 0.0980584428319278 0.0879593432369038 0.0784698381559588 0.0494657696873763 0.227971057587471
"triste" 0.0443491758444822 0.113433803273375 0.143079061401357 0.0192604006163328 0.0810504133571081 0.0191883334932361 0.00901063254640476 0.0386174937246573 0.163800163800164 0.0216614318206433 0.0384356683001826 0.328694314287712 0.0453144825086098 0.0171086398631309 0.0487234457220815 0.10618043350908 0.191298644512462 0.154083204930663 0.120819375034324 0.209863588667366 0.107864287115121 0.136825645035184 0.205983325159392 0.118717847249703 0.0892060660124888
"todo" 0.0960898809963781 0.0918273645546373 0.130815141852669 0.13482280431433 0.0810504133571081 0.124724167706035 0.216255181113714 0.106198107742807 0.0936000936000936 0.0974764431928951 0.0576535024502739 0.11888943282747 0.199383723037883 0.0256629597946963 0.204638472032742 0.128148799062683 0.0819851333624836 0.102722136620442 0.120819375034324 0.0974366661669915 0.0980584428319278 0.0586395621579359 0.107896027464443 0.0890383854372774 0.0297353553374963
"olhar" 0.125655998226033 0.151245071031167 0.0735835172921266 0.0674114021571649 0.113470578699951 0.0383766669864722 0.0630744278248333 0.0772349874493145 0.0468000468000468 0.0216614318206433 0.0288267512251369 0.293726834044339 0.145006344027551 0.18819503849444 0.0487234457220815 0.0988576449912126 0.125710537822475 0.0770416024653313 0.0768850568400242 0.209863588667366 0.137281819964699 0.107505863956216 0.166748406081412 0.128611001187178 0.0297353553374963
"voz" 0.0517407051518959 0.113433803273375 0.134903115035565 0.0385208012326656 0 0.0479708337330903 0.126148855649667 0.00965437343116432 0.0117000117000117 0.0541535795516084 0.0960891707504564 0.195817889362893 0.145006344027551 0.0513259195893926 0.0389787565776652 0.212360867018161 0.125710537822475 0.16050333846944 0.0549178977428744 0.22485384500075 0.0980584428319278 0.166145426114152 0.0980872976949485 0.0890383854372774 0.039647140449995
"lá" 0.0147830586148274 0.0756225355155836 0.0245278390973755 0.125192604006163 0.0810504133571081 0.191883334932361 0.117138223103262 0.35721181695308 0.152100152100152 0.0541535795516084 0 0.188824393314218 0.0271886895051659 0.0940975192472198 0.155915026310661 0.018306971294669 0.0437254044599913 0.282485875706215 0.318523806908672 0.0674561535002249 0.0588350656991567 0.0293197810789679 0.0784698381559588 0.118717847249703 0.0495589255624938
"mesmo" 0.0960898809963781 0.0648193161562146 0.0613195977434388 0.182973805855162 0.0972604960285297 0.29741916914516 0.0901063254640476 0.183433095192122 0.222300222300222 0.0758150113722517 0.105698087825502 0.111895936778796 0.181257930034439 0.0598802395209581 0.0779575131553304 0.0292911540714704 0.0437254044599913 0.0449409347714432 0.109835795485749 0.0674561535002249 0.215728574230241 0.107505863956216 0.0784698381559588 0.128611001187178 0.23788284269997
