"Arriaga" "Assis_1" "Assis_2" "Drummond_1" "Drummond_2" "Espanca" "Feijó" "Junqueiro_1" "Junqueiro_2" "Leal_1" "Leal_2" "Nobre_1" "Nobre_2" "Pascoaes" "Pessoa_1" "Pessoa_2" "Pessoa_3" "Pessoa_4" "Pessoa_5" "Reis"
"a" 4.4324648098233 4.48622793996371 4.16235673797013 2.79482683033757 2.85658574631959 4.21015264465744 5.22743947175348 4.49682525876316 3.98370753030002 3.50422284782931 3.39480533864983 3.31143232588699 3.78809294962402 4.55613675991206 3.85731559854897 3.59935833166232 3.86683209263854 3.84961503849615 4.04919016196761 3.98171846435101
"que" 3.54896675651393 2.59497498488097 3.14038644544665 2.0604997807979 1.86214292678171 3.92616258430955 3.36573734409391 2.44411585631034 1.88754222133916 3.48199733293821 2.43672813867198 3.61366622864652 3.12659015095833 3.13092259874157 4.95940576956296 4.97292961700421 4.93834122866381 5.26947305269473 5.12897420515897 4.54844606946984
"e" 3.78855944893681 3.33168398482599 4.12098142248335 3.20035072336694 3.12957004972214 3.50017749378772 3.08143800440205 3.57484561189876 4.75859328432347 4.08579048747963 4.7405438334164 2.98948751642576 3.04743596992141 4.90485937381548 3.46173777854552 3.34870663725687 3.4344687570494 3.24967503249675 3.08938212357528 3.03107861060329
"o" 3.57891584306679 3.2986970146792 3.58723985270388 2.63042525208242 2.79808910987618 2.74050408235712 3.38407923697726 3.77489779942594 3.73534671170276 3.45977181804712 2.66932491554522 2.20762155059133 2.94001243851416 2.78219998483815 3.67248229400587 3.76980148385803 3.67696819309723 3.75962403759624 3.71925614877025 3.57952468007313
"de" 2.01407607067984 2.55099235801858 2.6397451280566 3.41955282770715 3.95827239933704 3.38658146964856 2.47615553925165 2.62677220144385 2.52334591694814 1.53356052748555 1.91061638145871 2.49014454664915 2.7195115056256 3.1915700098552 2.48574883399551 2.70703829957891 2.50770734641702 2.38976102389761 2.50949810037992 2.09140767824497
"não" 0.411799940101827 1.09956567155973 0.901981877611817 1.77553704515563 1.50141366871405 0.965566205182819 0.522743947175348 0.530573193006871 0.476852771706736 0.526003852422581 0.686714293625741 1.30749014454665 0.955504042517103 0.492760215298309 2.13853860770427 2.37617806296371 2.17873524325137 2.48975102489751 2.05958808238352 2.04753199268739
"é" 0.539083557951482 0.665237231293639 0.504778848938723 1.10697062691802 0.896948425465536 1.20695775647852 0.678650036683786 1.19161520396625 0.824557917742897 0.670469699214698 0.587029960680069 0.992115637319317 0.904619211850512 1.03100598893185 1.89151839695975 1.86484860637658 1.88735995187608 1.98980101989801 1.81963607278544 1.40767824497258
"um" 1.08565438754118 1.28099400736709 0.935082130001241 1.085050416484 1.23817880471873 0.993965211217607 1.19222303741746 2.357136644342 2.08623087621697 1.58171580974959 1.6724815860885 0.860709592641261 0.983773392887431 0.871806534758548 1.1400932803593 1.13294565871265 1.1692608466802 1.20987901209879 1.11977604479104 0.617915904936015
"do" 1.64719976040731 1.52289845511023 1.3571103479664 0.822007891275756 0.984693380130642 0.766773162939297 1.01797505502568 1.49604244585544 1.07291873634015 1.59282856719514 1.03007144043861 0.749014454664915 0.938542432294906 1.06891062087787 1.18327863188806 1.19310206536996 1.12602451312129 1.02989701029897 1.06978604279144 1.02742230347349
"em" 1.95417789757412 1.07207652977074 0.653729984691133 1.15081104778606 1.05293945598128 1.34185303514377 1.51320616287601 0.861094198486562 1.32127955493741 0.877907838198252 0.90269701500803 0.926412614980289 0.712387629332278 1.72087029034948 1.11072724131974 0.98255464206938 1.11850515076322 1.00989901009899 1.0997800439912 0.877513711151737
"da" 1.37017070979335 1.20952223871571 1.33642269022301 0.613765892152565 0.857950667836599 0.610578629747959 1.07300073367572 1.42645907628077 0.725213590303994 1.22610757149207 0.758708534086504 0.775295663600526 0.774580200147001 1.24327192782958 0.837795819657972 0.681772608782835 0.797052409955636 0.71992800719928 0.829834033193361 0.764168190127971
"os" 1.05570530098832 0.841167738743196 1.32814762712566 0.822007891275756 1.19918104708979 0.922967696130635 0.687820983125459 1.14812559798208 1.03318100536459 1.40761594310268 1.56725923464584 0.886990801576872 1.07988918414655 0.659540595860814 0.525133874589739 0.481251253258472 0.503797277990826 0.47995200479952 0.449910017996401 1.24680073126143
"se" 0.688828990715783 0.65973940293584 0.753030741859407 1.11793073213503 1.27717656234766 0.653177138800142 1.11885546588408 0.400104375054362 0.218557520365587 0.31115720847533 0.415351387273634 0.565045992115637 0.491886696443716 0.682283375028429 0.974261530488858 1.09284138760778 1.06210993307768 1.1998800119988 0.999800039992002 0.954296160877514
"as" 0.868523510032944 0.918137335752378 0.939219661549919 0.548005260850504 0.69221019791362 0.731274405395811 0.752017608217168 0.74802122292772 0.824557917742897 1.30389687361091 1.25159218031788 0.795006570302234 0.921580822072709 0.841482829201728 0.49231300742788 0.511329456587126 0.494398075043236 0.48995100489951 0.549890021995601 0.851919561243144
"como" 0.613956274333633 0.599263291000055 0.662005047788489 0.449364313897413 0.399727015696597 0.816471423500178 1.10968451944241 0.87849004088023 0.665606993840652 1.02237368499037 0.90269701500803 0.519053876478318 0.621925708147227 0.401789098627852 0.734150975988945 0.912372167635853 0.744416873449132 0.58994100589941 0.519896020795841 0.669104204753199
"no" 0.681341719077568 0.555280664137666 0.719930489469982 1.13985094256905 1.20893048649703 0.440184593539226 0.962949376375642 0.513177350613203 0.486787204450626 0.703807971551341 0.731018441601595 0.683311432325887 0.520156046814044 0.712607080585247 0.723786491622042 0.872267896530981 0.729378148732987 0.58994100589941 0.639872025594881 0.610603290676417
"eu" 0.621443545971848 0.533289350706471 0.182051388141835 0.241122314774222 0.136492151701277 1.19275825346113 0.247615553925165 0.304427241889188 0.3079674150606 0.533412357386279 0.587029960680069 1.22207621550591 0.684118278961949 0.674702448639224 0.875798929003282 0.721876879887708 0.904203323558162 0.999900009999 0.939812037592482 0.208409506398537
"na" 0.576519916142558 0.324371873110122 0.579254416814928 0.734327049539676 0.926196743687238 0.418885339013135 0.807043286867205 0.530573193006871 0.635803695608981 0.644539931841754 0.481807609237415 0.519053876478318 0.661502798665687 0.818740050034114 0.64087061668682 0.591537998796872 0.654184525152267 0.67993200679932 0.639872025594881 0.731261425959781
"uma" 0.232105420784666 0.555280664137666 0.368240307832347 0.679526523454625 0.653212440284684 0.40468583599574 0.577769625825385 0.79151082891189 0.725213590303994 0.537116609868129 0.570415905189123 0.57161629434954 0.797195680443263 0.295656129178986 0.625323890136466 0.671746541006617 0.624107075719979 0.64993500649935 0.539892021595681 0.208409506398537
"ao" 0.681341719077568 0.65973940293584 0.823368778186934 0.230162209557212 0.419225894511066 0.546680866169684 0.641966250917095 0.913281725667565 0.496721637194516 0.659356941769151 0.515035720219306 0.617608409986859 0.735003109628541 0.576150405579562 0.442217999654517 0.370964507720072 0.419204451462516 0.34996500349965 0.459908018396321 0.482632541133455
"meu" 0.351901766996107 0.236406619385343 0.111713351814308 0.361683472161333 0.253485424588086 0.887468938587149 0.339325018341893 0.173958423936679 0.129147625670574 0.151874351755816 0.348895165309852 0.670170827858081 0.661502798665687 0.902130240315366 0.804974952496113 0.792059354321235 0.825250018798406 0.7999200079992 0.769846030793841 0.179159049360146
"me" 0.239592692422881 0.24740227610094 0.161363730398444 0.657606313020605 0.555718046212343 0.7596734114306 0.119222303741746 0.0521875271810037 0.109278760182794 0.162987109201363 0.271362906352107 0.565045992115637 0.32792446429581 0.409370025017057 0.849887718086025 0.82213755764989 0.838408902925032 0.81991800819918 0.789842031593681 0.453382084095064
"com" 0.486672656483977 0.280389246247732 0.409615623319128 0.372643577378343 0.204738227551916 0.191693290734824 0.403521643433602 0.521875271810037 0.725213590303994 0.418580530448955 0.348895165309852 0.630749014454665 0.610617967999095 0.288075202789781 0.475038866816376 0.49127732103469 0.441762538536732 0.32996700329967 0.399920015996801 0.541133455210238
"mas" 0.142258161126086 0.291384902963329 0.331002523894245 0.898728627794827 0.594715803841279 0.163294284700035 0.687820983125459 0.191354266330347 0.198688654877806 0.26670617869314 0.31012903583098 0.492772667542707 0.548425397184373 0.288075202789781 0.516496804283987 0.571485863244436 0.550793292728777 0.51994800519948 0.639872025594881 0.369287020109689
"mais" 0.321952680443246 0.357358843256914 0.525466506682113 0.515124945199474 0.4289753339183 0.489882854100107 0.458547322083639 0.295729320692355 0.337770713292271 0.463031560231145 0.708866367613668 0.565045992115637 0.582348617628767 0.341141687514214 0.295387804456728 0.290755965510327 0.289495450785773 0.28997100289971 0.339932013597281 0.756855575868373
"por" 0.778676250374364 0.340865358183517 0.223426703628615 0.208241999123192 0.321731500438725 0.390486332978346 0.201760821716801 0.37401061146386 0.407311742499503 0.296340198547933 0.34335714681287 0.519053876478318 0.401424775258665 0.250170570843757 0.507859733978235 0.370964507720072 0.501917437401308 0.57994200579942 0.649870025994801 0.489945155393053
"sem" 0.262054507337526 0.142943537302765 0.132401009557698 0.537045155633494 0.438724773325534 0.212992545260916 0.440205429200293 0.260937635905019 0.387442877011723 0.314861460957179 0.31012903583098 0.275952693823916 0.288347373777351 0.204685012508529 0.608049749524961 0.701824744335272 0.629746597488533 0.72992700729927 0.679864027194561 0.321755027422303
"quem" 0.157232704402516 0.148441365660564 0.161363730398444 0.0548005260850504 0.0389977576289363 0.40468583599574 0.247615553925165 0.313125163086022 0.109278760182794 0.229663653874648 0.315667054327961 0.302233902759527 0.175269972296037 0.272913350011371 0.670236655726378 0.631642269901745 0.667343409278893 0.54994500549945 0.739852029594081 0.511882998171846
"d" 1.32524707996406 0.170432679091759 0.0993007571682734 0 0 0.35498757543486 1.55906089508437 1.13942767678525 0.91396781243791 1.04830345236331 1.06883756991748 0.768725361366623 0.740656979702606 0.288075202789781 0.0259112109172569 0 0.0281976088427701 0.04999500049995 0.00999800039992002 0
"para" 0.224618149146451 0.186926164165155 0.186188919690513 0.767207365190706 0.233986545773618 0.255591054313099 0.247615553925165 0.521875271810037 0.6159348301212 0.251889168765743 0.177216591903417 0.374507227332457 0.491886696443716 0.280494276400576 0.404214890309207 0.441146982153599 0.400406045567336 0.47995200479952 0.379924015196961 0.570383912248629
"vida" 0.486672656483977 0.351861014899115 0.302039803053498 0.208241999123192 0.194988788144682 0.390486332978346 0.275128393250183 0.0869792119683396 0.0894098946950129 0.103719069491777 0.160602536412472 0.203679369250986 0.152654491999774 0.379046319460238 0.445672827776818 0.421094846601163 0.436123016768178 0.42995700429957 0.339932013597281 0.950639853747715
"ou" 0.157232704402516 0.153939194018363 0.343415118540279 0.263042525208242 0.26323486399532 0.0922967696130635 0.403521643433602 0.269635557101853 0.278164116828929 0.244480663802045 0.188292628897381 0.137976346911958 0.0508848306665913 0.0985520430596619 0.540680601140093 0.49127732103469 0.554552973907813 0.38996100389961 0.649870025994801 0.574040219378428
"dos" 0.569032644504343 0.395843641761504 0.450990938805908 0.230162209557212 0.399727015696597 0.362087326943557 0.33015407190022 0.252239714708185 0.347705146036161 0.818639798488665 0.609182034667996 0.433639947437582 0.36750155481427 0.257751497232962 0.195197788910002 0.2205734910768 0.180464696593729 0.10998900109989 0.13997200559888 0.460694698354662
"ser" 0.119796346211441 0.137445708944967 0.070338036327527 0.0548005260850504 0.0877449546651068 0.340788072417465 0.082538517975055 0.0521875271810037 0.0794754619511226 0.174099866646911 0.110760369939636 0.105124835742444 0.107423531407248 0.0833901902812524 0.687510796337882 0.71185081211149 0.708699902248289 0.64993500649935 0.969806038792242 0.237659963436929
"alma" 0.539083557951482 0.45631975369729 0.206876577433903 0.0109601052170101 0.0292483182217023 0.454384096556621 0.302641232575202 0.243541793511351 0.0794754619511226 0.159282856719514 0.193830647394362 0.151116951379763 0.197885452592299 0.265332423622167 0.521679046467438 0.401042711048727 0.533874727423114 0.5999400059994 0.529894021195761 0.160877513711152
"nem" 0.0598981731057203 0.269393589532135 0.289627208407464 0.339763261727313 0.233986545773618 0.141995030173944 0.302641232575202 0.130468817952509 0.158950923902245 0.174099866646911 0.227058758376253 0.177398160315375 0.0678464408887884 0.106132969448867 0.509587148039385 0.501303388810908 0.494398075043236 0.60993900609939 0.499900019996001 0.606946983546618
"só" 0.10482180293501 0.153939194018363 0.153088667301088 0.175361683472161 0.146241591108511 0.234291799787007 0.376008804108584 0.113072975558841 0.129147625670574 0.196325381538006 0.199368665891344 0.348226018396846 0.141346751851642 0.14403760139489 0.495767835550181 0.531381592139563 0.520715843296488 0.47995200479952 0.619876024795041 0.478976234003656
"minha" 0.277029050613956 0.241904447743141 0.0910256940709173 0.252082419991232 0.165740469922979 0.58217962371317 0.201760821716801 0.0695833695746716 0.119213192926684 0.111127574455475 0.193830647394362 0.519053876478318 0.36750155481427 0.553407626411948 0.438763171532216 0.461199117706036 0.432363335589142 0.46995300469953 0.409918016396721 0.113345521023766
"tudo" 0.157232704402516 0.197921820880752 0.136538541106376 0.164401578255151 0.448474212732768 0.220092296769613 0.247615553925165 0.156562581543011 0.208623087621697 0.196325381538006 0.121836406933599 0.183968462549277 0.169616102221971 0.219846865286938 0.466401796510624 0.511329456587126 0.475599669148056 0.57994200579942 0.439912017596481 0.39853747714808
"nada" 0.0224618149146451 0.0934630820825774 0.0827506309735612 0.131521262604121 0.0974943940723408 0.170394036208733 0.100880410858401 0.0347916847873358 0.0993443274389032 0.0889020595643799 0.099684332945672 0.11826544021025 0.101769661333183 0.0379046319460238 0.52858870271204 0.561459795468217 0.535754568012633 0.4999500049995 0.489902019596081 0.683729433272395
"das" 0.456723569931117 0.252900104458739 0.302039803053498 0.263042525208242 0.185239348737448 0.17749378771743 0.22927366104182 0.287031399495521 0.258295251341148 0.607497407023263 0.581491942183087 0.282522996057819 0.36750155481427 0.371465393071033 0.184833304543099 0.170443152195709 0.189863899541319 0.14998500149985 0.20995800839832 0.303473491773309
"mim" 0.172207247678946 0.104458738798175 0.0248251892920684 0.175361683472161 0.243735985180852 0.447284345047923 0.119222303741746 0.0347916847873358 0.00993443274389032 0.100014817009927 0.177216591903417 0.256241787122208 0.135692881777577 0.386627245849443 0.494040421489031 0.561459795468217 0.496277915632754 0.3999600039996 0.519896020795841 0.16819012797075
"onde" 0.396825396825397 0.120952223871571 0.153088667301088 0.241122314774222 0.185239348737448 0.241391551295705 0.284299339691856 0.156562581543011 0.158950923902245 0.122240331901022 0.127374425430581 0.157687253613666 0.299655113925482 0.219846865286938 0.428398687165314 0.250651694405454 0.398526204977818 0.47995200479952 0.519896020795841 0.219378427787934
"nos" 0.336927223719677 0.219913134311947 0.227564235177293 0.306882946076282 0.253485424588086 0.298189563365282 0.183418928833456 0.208750108724015 0.198688654877806 0.344495480811972 0.359971202303816 0.151116951379763 0.113077401481314 0.386627245849443 0.165831749870444 0.170443152195709 0.163546131288067 0.1999800019998 0.13997200559888 0.822669104204753
"já" 0.0748727163821503 0.285887074605531 0.215151640531259 0.328803156510303 0.292483182217023 0.205892793752219 0.146735143066764 0.173958423936679 0.218557520365587 0.22225514891095 0.215982721382289 0.374507227332457 0.260078023407022 0.310817981957395 0.331663499740888 0.240625626629236 0.312053537859989 0.25997400259974 0.309938012397521 0.175502742230347
"á" 0.703803533992213 0.527791522348672 0.583391948363606 0 0.0292483182217023 0 0.449376375641966 0.495781508219536 0.387442877011723 0.588976144614017 0.409813368776652 0.565045992115637 0.582348617628767 0.409370025017057 0 0 0 0 0 0
"ó" 0.00748727163821503 0.16493485073396 0.0579254416814928 0.0438404208680403 0.0682460758506386 0.291089811856585 0 0.304427241889188 0.258295251341148 0.640835679359905 0.614720053164978 0.657030223390276 1.07423531407248 0.447274656963081 0.103644843669027 0.0401042711048727 0.112790435371081 0.08999100089991 0.15996800639872 0.0548446069469835
"sou" 0.0449236298292902 0.0879652537247787 0.0248251892920684 0.0986409469530908 0.165740469922979 0.425985090521832 0.0183418928833456 0.0347916847873358 0.0397377309755613 0.151874351755816 0.0609182034667996 0.144546649145861 0.0395770905184599 0.371465393071033 0.464674382449473 0.611590134349308 0.475599669148056 0.42995700429957 0.529894021195761 0.0694698354661792
"sei" 0.127283617849656 0.115454395513772 0.0206876577433903 0.142481367821131 0.0877449546651068 0.262690805821796 0.0641966250917095 0.0347916847873358 0.029803298231671 0.0666765446732849 0.132912443927563 0.131406044678055 0.130039011703511 0.0985520430596619 0.473311452755225 0.581511931020654 0.4906383938642 0.4999500049995 0.509898020395921 0.153564899451554
"quando" 0.344414495357892 0.291384902963329 0.202739045885225 0.0438404208680403 0.0389977576289363 0.220092296769613 0.183418928833456 0.147864660346177 0.149016491158355 0.229663653874648 0.287976961843053 0.348226018396846 0.412732515406796 0.166780380562505 0.252202452927967 0.180469219971927 0.253778479584931 0.22997700229977 0.27994401119776 0.255941499085923
"noite" 0.179694519317161 0.230908791027544 0.194463982787869 0.317843051293292 0.253485424588086 0.362087326943557 0.220102714600147 0.226145951117683 0.178819789390026 0.0148170099273967 0.0332281109818907 0.170827858081472 0.237462543110759 0.568569479190357 0.309207116945932 0.431120914377381 0.313933378449507 0.26997300269973 0.249950009998 0.113345521023766
"teu" 0.509134471398622 0.417834955192699 0.140676072655054 0.306882946076282 0.26323486399532 0.390486332978346 0.201760821716801 0.130468817952509 0.109278760182794 0.292635946066084 0.337819128315889 0.203679369250986 0.101769661333183 0.409370025017057 0.164104335809293 0.230599558853018 0.180464696593729 0.27997200279972 0.12997400519896 0.153564899451554
"amor" 0.419287211740042 0.802682940238606 0.202739045885225 0.175361683472161 0.224237106366384 0.7596734114306 0.302641232575202 0.0695833695746716 0.0993443274389032 0.162987109201363 0.227058758376253 0.137976346911958 0.101769661333183 0.151618527784095 0.157194679564692 0.130338881090836 0.163546131288067 0.17998200179982 0.17996400719856 0.20109689213894
"dia" 0.217130877508236 0.175930507449557 0.173776325044478 0.164401578255151 0.116993272886809 0.191693290734824 0.155906089508437 0.165260502739845 0.139082058414465 0.129648836864721 0.215982721382289 0.256241787122208 0.226154802962628 0.17436130695171 0.253929866989117 0.240625626629236 0.251898638995413 0.12998700129987 0.23995200959808 0.413162705667276
"há" 0 0 0.0165501261947122 0.361683472161333 0.409476455103832 0.22719204827831 0.00917094644167278 0 0 0 0 0 0 0 0.45258248402142 0.581511931020654 0.468080306789984 0.45995400459954 0.459908018396321 0.164533820840951
"seu" 0.179694519317161 0.0439826268623894 0.173776325044478 0.252082419991232 0.0974943940723408 0.0638977635782748 0.412692589875275 0.234843872314517 0.228491953109477 0.451918802785598 0.321205072824943 0.203679369250986 0.243116413184825 0.416950951406262 0.15028502332009 0.180469219971927 0.140988044213851 0.0999900009999 0.13997200559888 0.303473491773309
"entre" 0.142258161126086 0.203419649238551 0.231701766725971 0.164401578255151 0.126742712294043 0.0567980120695776 0.174247982391783 0.0956771331651735 0.278164116828929 0.200029634019855 0.265824887855125 0.157687253613666 0.197885452592299 0.113713895838071 0.288478148212126 0.190495287748145 0.278216407248665 0.28997100289971 0.25994801039792 0.0438756855575868
"sol" 0.479185384845762 0.186926164165155 0.186188919690513 0.0986409469530908 0.0682460758506386 0.383386581469649 0.265957446808511 0.130468817952509 0.0596065964633419 0.192621129056156 0.265824887855125 0.164257555847569 0.248770283258891 0.295656129178986 0.200380031093453 0.100260677762182 0.178584856004211 0.04999500049995 0.21995600879824 0.208409506398537
"coração" 0.142258161126086 0.280389246247732 0.157226198849766 0.0109601052170101 0.0584966364434045 0.134895278665247 0.265957446808511 0.0521875271810037 0.0695410292072323 0.0666765446732849 0.127374425430581 0.183968462549277 0.141346751851642 0.189523159730119 0.319571601312835 0.340886304391418 0.325212421986616 0.36996300369963 0.2999400119976 0.0475319926873857
"olhos" 0.119796346211441 0.340865358183517 0.479953659646655 0.427444103463393 0.155991030515745 0.40468583599574 0.440205429200293 0.0695833695746716 0.0198688654877806 0.0926063120462291 0.243672813867198 0.210249671484888 0.322270594221745 0.341141687514214 0.105372257730178 0.0802085422097453 0.0977517106549365 0.16998300169983 0.0699860027994401 0.193784277879342
"mundo" 0.591494459418988 0.0274891417889933 0.0289627208407464 0.295922840859272 0.272984303402554 0.283990060347888 0.128393250183419 0.165260502739845 0.109278760182794 0.237072158838346 0.149526499418508 0.229960578186597 0.130039011703511 0.265332423622167 0.221108999827259 0.190495287748145 0.223701030152643 0.13998600139986 0.22995400919816 0.164533820840951
"te" 0.112309074573226 0.159437022376161 0.198601514336547 0.274002630425252 0.467973091547236 0.362087326943557 0.128393250183419 0.0782812907715056 0.0794754619511226 0.244480663802045 0.188292628897381 0.328515111695138 0.107423531407248 0.0833901902812524 0.157194679564692 0.130338881090836 0.146627565982405 0.25997400259974 0.12997400519896 0.285191956124314
"são" 0.0673854447439353 0.0989609104403761 0.0827506309735612 0.449364313897413 0.282733742809788 0.262690805821796 0.0641966250917095 0.0956771331651735 0.129147625670574 0.0740850496369833 0.149526499418508 0.302233902759527 0.203539322666365 0.14403760139489 0.229746070133011 0.260677762181672 0.227460711331679 0.13998600139986 0.23995200959808 0.219378427787934
"tão" 0.179694519317161 0.131947880587168 0.14895113575241 0.252082419991232 0.194988788144682 0.241391551295705 0.284299339691856 0.139166739149343 0.0993443274389032 0.0703807971551341 0.0941463144486903 0.584756898817346 0.243116413184825 0.0909711166704571 0.172741406115046 0.170443152195709 0.167305812467103 0.16998300169983 0.12997400519896 0.164533820840951
"luz" 0.733752620545073 0.197921820880752 0.136538541106376 0.0109601052170101 0.0682460758506386 0.234291799787007 0.39435069699193 0.252239714708185 0.188754222133916 0.162987109201363 0.299052998837016 0.11826544021025 0.130039011703511 0.6367978166932 0.100190015546727 0.160417084419491 0.112790435371081 0.06999300069993 0.0899820035992801 0.0182815356489945
"tu" 0.232105420784666 0.395843641761504 0.227564235177293 0.0986409469530908 0.0877449546651068 0.276890308839191 0.174247982391783 0.234843872314517 0.0894098946950129 0.35560823825752 0.243672813867198 0.361366622864652 0.180923842370102 0.288075202789781 0.0760062186906201 0.0701824744335272 0.0695541018121663 0.11998800119988 0.0599880023995201 0.131627056672761
"deus" 0.726265348906858 0.0989609104403761 0.0910256940709173 0.0548005260850504 0.0194988788144682 0.212992545260916 0.128393250183419 0.626250326172045 0.357639578780052 0.107423321973626 0.149526499418508 0.249671484888305 0.203539322666365 0.250170570843757 0.11400932803593 0.100260677762182 0.120309797729153 0.06999300069993 0.16996600679864 0.182815356489945
"n" 0.419287211740042 0.241904447743141 0.0827506309735612 0 0 0.0283990060347888 0.082538517975055 0.521875271810037 0.576197099145639 0.418580530448955 0.531649775710251 0.361366622864652 0.480578956295584 0.265332423622167 0.0138193124892037 0 0.0112790435371081 0.00999900009999 0 0
"assim" 0.10482180293501 0.126450052229369 0.111713351814308 0.0767207365190706 0.0682460758506386 0.291089811856585 0.0275128393250183 0.0782812907715056 0.139082058414465 0.162987109201363 0.15506451791549 0.341655716162943 0.265731893481088 0.151618527784095 0.174468820176196 0.1102867455384 0.176705015414693 0.24997500249975 0.249950009998 0.146252285191956
"porque" 0.0598981731057203 0.0989609104403761 0.0248251892920684 0.0767207365190706 0.0194988788144682 0.134895278665247 0.0366837857666911 0.0695833695746716 0.0894098946950129 0.0407467773003408 0.00553801849698178 0.157687253613666 0.0848080511109855 0.0985520430596619 0.295387804456728 0.280729897734109 0.291375291375291 0.37996200379962 0.2999400119976 0.219378427787934
"tem" 0.10482180293501 0.109956567155973 0.0496503785841367 0.0876808417360807 0.0292483182217023 0.12779552715655 0.082538517975055 0.104375054362007 0.158950923902245 0.129648836864721 0.193830647394362 0.197109067017083 0.180923842370102 0.0530664847244333 0.229746070133011 0.200521355524363 0.251898638995413 0.31996800319968 0.27994401119776 0.0877513711151737
"bem" 0.247079964061096 0.115454395513772 0.0868881625222392 0.0438404208680403 0.107243833479575 0.191693290734824 0.0275128393250183 0.130468817952509 0.149016491158355 0.129648836864721 0.238134795370217 0.19053876478318 0.130039011703511 0.106132969448867 0.209017101399205 0.240625626629236 0.218061508384089 0.18998100189981 0.18996200759848 0.102376599634369
"meus" 0.112309074573226 0.225410962669745 0.0827506309735612 0.372643577378343 0.107243833479575 0.53248136315229 0.247615553925165 0.00869792119683396 0.0496721637194516 0.0555637872277374 0.177216591903417 0.275952693823916 0.169616102221971 0.30323705556819 0.134738296769736 0.140364948867054 0.124069478908189 0.12998700129987 0.11997600479904 0.0840950639853748
"ter" 0.0524109014675052 0.0219913134311947 0.0206876577433903 0 0.0292483182217023 0.0993965211217607 0.0275128393250183 0.0260937635905019 0.029803298231671 0.04445102978219 0.0332281109818907 0.0788436268068331 0.0735003109628541 0.0151618527784095 0.312661945068233 0.3308602366152 0.325212421986616 0.34996500349965 0.489902019596081 0.113345521023766
"à" 0 0.00549782835779867 0 0.219202104340202 0.107243833479575 0.383386581469649 0.0183418928833456 0.0173958423936679 0 0 0 0.026281208935611 0.0113077401481314 0.0151618527784095 0.260839523233719 0.280729897734109 0.278216407248665 0.26997300269973 0.25994801039792 0.402193784277879
"sonho" 0.0898472596585804 0.08246742536698 0.0248251892920684 0.0328803156510303 0.00974943940723408 0.35498757543486 0.155906089508437 0.0260937635905019 0.0397377309755613 0.0926063120462291 0.0166140554909453 0.0131406044678055 0.0339232204443942 0.14403760139489 0.288478148212126 0.210547423300582 0.289495450785773 0.24997500249975 0.399920015996801 0.036563071297989
"aos" 0.277029050613956 0.197921820880752 0.219289172079937 0.0876808417360807 0.0584966364434045 0.120695775647852 0.155906089508437 0.260937635905019 0.149016491158355 0.218550896429101 0.243672813867198 0.177398160315375 0.294001243851416 0.113713895838071 0.0742788046294697 0.0701824744335272 0.0733137829912024 0.11998800119988 0.0499900019996001 0.219378427787934
"nas" 0.149745432764301 0.159437022376161 0.219289172079937 0.142481367821131 0.175489909330214 0.156194533191338 0.174247982391783 0.156562581543011 0.129147625670574 0.303748703511631 0.415351387273634 0.111695137976347 0.135692881777577 0.128875748616481 0.0915529452409743 0.130338881090836 0.0864726671178284 0.07999200079992 0.0699860027994401 0.109689213893967
"vento" 0.0374363581910752 0.0879652537247787 0.0868881625222392 0.0767207365190706 0.136492151701277 0.149094781682641 0.247615553925165 0.0347916847873358 0 0.107423321973626 0.138450462424545 0.223390275952694 0.15830836207384 0.166780380562505 0.1882881326654 0.360938439943854 0.186104218362283 0.17998200179982 0.26994601079784 0.113345521023766
"era" 0.0224618149146451 0.170432679091759 0.285489676858786 0.175361683472161 0.146241591108511 0.0780972665956692 0.119222303741746 0.139166739149343 0.158950923902245 0.0555637872277374 0.221520739879271 0.210249671484888 0.220500932888562 0.128875748616481 0.138193124892037 0.0300782033286545 0.165425971877585 0.18998100189981 0.2999400119976 0
"sempre" 0.10482180293501 0.049480455220188 0.0206876577433903 0.131521262604121 0.146241591108511 0.262690805821796 0.174247982391783 0.0347916847873358 0.158950923902245 0.148170099273967 0.171678573406435 0.170827858081472 0.124385141629445 0.113713895838071 0.162376921748143 0.140364948867054 0.148507406571923 0.10998900109989 0.16996600679864 0.237659963436929
"sobre" 0.179694519317161 0.0879652537247787 0.1696387934958 0.142481367821131 0.0682460758506386 0.156194533191338 0.155906089508437 0.139166739149343 0.0993443274389032 0.225959401392799 0.171678573406435 0.0854139290407359 0.101769661333183 0.250170570843757 0.127828640525134 0.120312813314618 0.120309797729153 0.12998700129987 0.10997800439912 0.124314442413163
"mar" 0.224618149146451 0.148441365660564 0.0662005047788489 0.0986409469530908 0.0974943940723408 0.120695775647852 0.128393250183419 0.0521875271810037 0.0596065964633419 0.100014817009927 0.204906684388326 0.367936925098555 0.226154802962628 0.0379046319460238 0.153739851442391 0.150391016643273 0.133468681855779 0.10998900109989 0.1499700059988 0.0840950639853748
"terra" 0.486672656483977 0.192423992522953 0.231701766725971 0.0986409469530908 0.0974943940723408 0.17749378771743 0.146735143066764 0.0956771331651735 0.129147625670574 0.129648836864721 0.143988480921526 0.170827858081472 0.135692881777577 0.272913350011371 0.0708239765071688 0.0701824744335272 0.0714339424016843 0.11998800119988 0.0599880023995201 0.117001828153565
"foi" 0.0673854447439353 0.159437022376161 0.140676072655054 0.0876808417360807 0.0779955152578727 0.134895278665247 0.0550256786500367 0.113072975558841 0.149016491158355 0.114831826937324 0.0830702774547267 0.0919842312746386 0.135692881777577 0.0909711166704571 0.167559163931594 0.240625626629236 0.178584856004211 0.21997800219978 0.15996800639872 0.076782449725777
"triste" 0.0449236298292902 0.115454395513772 0.144813604203732 0.0219202104340202 0.0389977576289363 0.333688320908768 0.0458547322083639 0.0173958423936679 0.0496721637194516 0.107423321973626 0.193830647394362 0.157687253613666 0.124385141629445 0.212265938897733 0.164104335809293 0.120312813314618 0.144747725392887 0.15998400159984 0.22995400919816 0.0804387568555759
"nunca" 0.0149745432764301 0.0219913134311947 0.12826347800902 0.0767207365190706 0.0779955152578727 0.184593539226127 0.293470286133529 0.0347916847873358 0.0993443274389032 0.137057341828419 0.0830702774547267 0.11826544021025 0.101769661333183 0.0227427791676143 0.179651062359648 0.170443152195709 0.167305812467103 0.14998500149985 0.18996200759848 0.146252285191956
"céu" 0.0224618149146451 0.280389246247732 0.111713351814308 0.0438404208680403 0.0487471970361704 0.134895278665247 0 0.0173958423936679 0 0.00370425248184916 0 0.0854139290407359 0.169616102221971 0.0833901902812524 0.22456382794956 0.290755965510327 0.233100233100233 0.17998200179982 0.17996400719856 0.0182815356489945
"tua" 0.232105420784666 0.225410962669745 0.0786130994248831 0.241122314774222 0.165740469922979 0.269790557330493 0.110051357300073 0.0782812907715056 0.0397377309755613 0.0963105645280782 0.0886082959517085 0.197109067017083 0.107423531407248 0.515502994465924 0.0794610468129211 0.1102867455384 0.0864726671178284 0.15998400159984 0.0699860027994401 0.036563071297989
"tenho" 0.0224618149146451 0.032986970146792 0.00827506309735612 0.0328803156510303 0.116993272886809 0.262690805821796 0.0183418928833456 0.0173958423936679 0.00993443274389032 0.0481552822640391 0.0664562219637814 0.11826544021025 0.0735003109628541 0.0227427791676143 0.240110554499914 0.300782033286545 0.246259117226859 0.20997900209979 0.249950009998 0.0292504570383912
"quero" 0.0149745432764301 0.0439826268623894 0.00827506309735612 0.0657606313020605 0.116993272886809 0.0851970181043663 0 0.0434896059841698 0 0.0407467773003408 0.0276900924849089 0.0525624178712221 0.101769661333183 0.106132969448867 0.212471929521506 0.300782033286545 0.203022783667945 0.17998200179982 0.21995600879824 0.259597806215722
"morte" 0.0673854447439353 0.142943537302765 0.223426703628615 0.284962735642262 0.107243833479575 0.035498757543486 0.192589875275128 0.0956771331651735 0.0397377309755613 0.125944584382872 0.0609182034667996 0.0591327201051248 0.056538700740657 0.651959669471609 0.0863707030575229 0.100260677762182 0.0789533047597564 0.12998700129987 0.0399920015996801 0.124314442413163
"olhar" 0.127283617849656 0.153939194018363 0.0744755678762051 0.0219202104340202 0.0292483182217023 0.298189563365282 0.146735143066764 0.191354266330347 0.0496721637194516 0.100014817009927 0.127374425430581 0.0788436268068331 0.0791541810369198 0.212265938897733 0.145102781136638 0.0902346099859635 0.148507406571923 0.15998400159984 0.17996400719856 0.0255941499085923
"quanto" 0.179694519317161 0.0219913134311947 0.0331002523894245 0.0219202104340202 0.0389977576289363 0.0496982605608804 0.0275128393250183 0.0608854483778377 0.0794754619511226 0.0518595347458883 0.116298388436617 0.105124835742444 0.0508848306665913 0.0758092638920476 0.171013992053895 0.2205734910768 0.169185653056621 0.13998600139986 0.0999800039992002 0.259597806215722
"esta" 0.194669062593591 0.0989609104403761 0.153088667301088 0.0657606313020605 0.0877449546651068 0.156194533191338 0.0458547322083639 0.0956771331651735 0.158950923902245 0.103719069491777 0.0830702774547267 0.124835742444152 0.220500932888562 0.1591994541733 0.105372257730178 0.150391016643273 0.0921121888863824 0.07999200079992 0.0399920015996801 0.109689213893967
"sua" 0.0898472596585804 0.049480455220188 0.0786130994248831 0.208241999123192 0.0974943940723408 0.0212992545260916 0.137564196625092 0.0869792119683396 0.0894098946950129 0.17780411912876 0.171678573406435 0.131406044678055 0.169616102221971 0.250170570843757 0.0673691483848678 0.0701824744335272 0.0714339424016843 0.02999700029997 0.15996800639872 0.237659963436929
"sombra" 0.0898472596585804 0.0604761119357854 0.0662005047788489 0.0438404208680403 0.0682460758506386 0.163294284700035 0.0917094644167278 0.0434896059841698 0.00993443274389032 0.118536079419173 0.0276900924849089 0.026281208935611 0.0226154802962628 0.629216890303995 0.122646398341683 0.0902346099859635 0.129709000676743 0.05999400059994 0.15996800639872 0.131627056672761
"voz" 0.0524109014675052 0.115454395513772 0.136538541106376 0.0548005260850504 0.0974943940723408 0.198793042243521 0.146735143066764 0.0521875271810037 0.0397377309755613 0.214846643947251 0.127374425430581 0.164257555847569 0.0508848306665913 0.227427791676143 0.100190015546727 0.1102867455384 0.0996315512444545 0.12998700129987 0.0599880023995201 0.0292504570383912
"ainda" 0.0524109014675052 0.049480455220188 0.0413753154867806 0.142481367821131 0.155991030515745 0.106496272630458 0.0917094644167278 0.0695833695746716 0.0894098946950129 0.0518595347458883 0.0830702774547267 0.256241787122208 0.361847684740205 0.0909711166704571 0.131283468647435 0.160417084419491 0.118429957139635 0.03999600039996 0.0899820035992801 0.0475319926873857
"hora" 0.0524109014675052 0.0549782835779867 0.0331002523894245 0.0876808417360807 0.175489909330214 0.156194533191338 0.100880410858401 0.0869792119683396 0.0198688654877806 0.0259297673729441 0.0609182034667996 0.11826544021025 0.113077401481314 0.0151618527784095 0.153739851442391 0.170443152195709 0.152267087750959 0.17998200179982 0.11997600479904 0.179159049360146
