"Arriaga" "Assis_1" "Assis_2" "Campos" "Drummond_1" "Drummond_2" "Espanca" "Feijó" "Junqueiro_1" "Junqueiro_2" "Leal_1" "Leal_2" "Nobre_1" "Nobre_2" "Pascoaes" "Pessoa_1" "Pessoa_2" "Pessoa_3" "Pessoa_4" "Pessoa_5"
"a" 4.44970064306305 4.48333603413817 4.25558008339465 3.30878999152929 2.78349398895267 2.82502162006342 4.21707811735086 5.23835417799529 4.47390932420873 4.02455661664393 3.51493848857645 3.4761696545693 3.3256291730868 3.8497446317755 4.54204766901514 3.85736941730189 3.57248886689758 3.87533623968092 3.82756239518595 4.10337344643914
"que" 3.5035848917141 2.54955976881111 3.102771645818 3.48081058187268 2.03617459114047 1.84491207840876 3.86740331491713 3.32608301613196 2.40376390076989 1.8514909374391 3.44171060339777 2.40489724529952 3.53107344632768 3.03695974518095 3.09548793284365 4.89589195272932 4.90846115784265 4.87338836842593 5.19877675840979 5.06016965870981
"e" 3.74011382955133 3.27337546588883 4.07162129016434 3.18368410764319 3.16256904581393 3.08446238108965 3.44779355199664 3.04513322457858 3.5158254918734 4.6677061001754 4.03851786760398 4.67861827721906 2.92116076014381 2.96556647811522 4.8493479238495 3.41740420524889 3.30529440870856 3.38929598367498 3.20607674854493 3.0479384493983
"o" 3.59228324340306 3.39221087884189 3.63829613277737 2.84224929953737 2.61020253438752 2.78658595176324 2.7414504510805 3.36233460213884 3.86655260906758 3.8296628337556 3.56619800820152 2.67818102317446 2.27272727272727 3.06991048382668 2.79568280617599 3.68001909926502 3.80999505195448 3.68054911418236 3.77823813751603 3.71868218583547
"de" 1.98832138369429 2.50634689137363 2.6081268906876 3.59418778914446 3.37918336402036 3.90122033246853 3.36387159941255 2.45604495196665 2.68605645851155 2.47515104268174 1.51947861745753 1.89112374289462 2.56805341551104 2.92712394969521 3.15544895817718 2.51871557442745 2.75111331024245 2.54336332436694 2.4070237742922 2.54488064707043
"não" 0.406534111907754 1.08572354561659 0.895266127054206 1.50387697921418 1.75457597747211 1.47977322955703 0.951115462619764 0.516585100598151 0.521813515825492 0.467745078931982 0.5199179847686 0.677743769129864 1.27760657421674 0.928112471854577 0.487183330834957 2.11967735884449 2.35526966848095 2.16120953529357 2.45634803196212 2.03195896626554
"é" 0.532190110133787 0.65359477124183 0.502820701496198 0.973480158988727 1.09390230694249 0.884020370904199 1.1888943282747 0.670654341127424 1.17194183062447 0.808809198986552 0.662712360867018 0.579361609094884 0.969440164355419 0.87868636388599 1.01933743067006 1.87070479698504 1.84067293419099 1.86439105834338 1.9631054552629 1.79522588281712
"um" 1.07177174957499 1.2585750553665 0.923881939334478 0.936990942855281 1.07224087512185 1.2203324685308 0.979089446814463 1.17817654522385 2.31822070145423 2.04638472032742 1.56341534856473 1.65063401836467 0.841037493579866 0.955571420726015 0.86193973916954 1.12719769444587 1.11825828797625 1.1557369446248 1.19364703561211 1.11461826790294
"do" 1.62613644763101 1.49624588127262 1.34085520398986 1.07512868964618 0.823134409184447 0.97050062457961 0.755297573256871 1.00598151169114 1.47134302822926 1.05242642759696 1.57439953134153 1.0166156536948 0.738315356959425 0.933604261628865 1.05681307150352 1.16812469091591 1.17763483424047 1.11121417308227 1.01607970800039 1.05543499704084
"em" 1.92918914923498 1.05331388753849 0.645899762897555 0.900501726721835 1.13722517058378 1.03776304410493 1.32177075319952 1.49537792278412 0.846877673224979 1.29604365620737 0.867750439367311 0.890905115872322 0.905238828967643 0.697457301334505 1.701394093839 1.09650244709333 0.969816922315685 1.10379371115852 0.996350004932426 1.08502663247189
"se" 0.93872422204154 1.08032193593691 1.00972937617529 0.922655893659999 1.3971623524315 1.71038723935812 0.874187006084342 1.55881819829618 0.761334473909324 0.711362307542389 0.59680726420621 0.694140795802361 0.770416024653313 0.653522983140205 0.989356918003298 1.14766119268089 1.26669965363681 1.24107225674798 1.35148466015586 1.17380153876504
"da" 1.35264986325671 1.19375573921028 1.32041533807538 0.935687756564801 0.606520090978014 0.845584702604017 0.601440660186027 1.06035889070147 1.40290846877673 0.711362307542389 1.21192149970709 0.74879755137735 0.757575757575758 0.752375199077379 1.22920101933743 0.827066386998857 0.672934190994557 0.786568963918004 0.710269310446878 0.818701913592425
"os" 1.04959716165275 0.864257548749527 1.35720709672145 1.09988922916531 0.833965125094769 1.19150571730566 0.986082942863137 0.679717237629146 1.14627887082977 1.10114987331904 1.40963678968951 1.59051158723218 0.918079096045198 1.13130869350321 0.652076150502174 0.542282703228117 0.484908461157843 0.524997681105649 0.51297227976719 0.483330045373841
"me" 0.561756227363442 0.442931993734133 0.302510015534298 1.16895810256076 0.84479584100509 0.720668780628423 1.19588782432338 0.208446619539605 0.128314798973482 0.302085363476905 0.314879906268307 0.60122431132488 1.1748844375963 0.840243835465978 0.577124868835257 1.32501151071776 1.12815437902029 1.30600129858084 1.40080891782579 1.23298480962715
"as" 0.864808928967403 0.956084913304165 0.964761671163437 0.914836775917117 0.541535795516084 0.701450946478332 0.741310581159522 0.7431575131412 0.76988879384089 0.828298577275385 1.2997949619215 1.25710537822475 0.828197226502311 0.96655500027459 0.846949482836156 0.504766289797241 0.544285007422068 0.508301641777201 0.493242576699221 0.572104951666995
"eu" 0.613496932515337 0.523956138929401 0.17987082004742 0.946113246888643 0.238275750027077 0.134524839050639 1.17490733617735 0.244698205546493 0.29940119760479 0.302085363476905 0.527240773286467 0.579361609094884 1.19414483821263 0.66450656268878 0.667066406835557 0.864582800429733 0.712518555170708 0.892310546331509 0.986485153398441 0.927204576839613
"como" 0.606105403207924 0.588775455085615 0.654075709263347 0.768879911383332 0.444059352323189 0.393965600076871 0.804252045597594 1.09661047670836 0.863986313088109 0.652894172675892 1.01054481546573 0.890905115872322 0.507190549563431 0.604096875171618 0.397241792834657 0.724748895823741 0.900544285007422 0.734625730451721 0.58202624050508 0.512921680804893
"no" 0.680020696282061 0.550964187327824 0.71130733382389 0.635954909754349 1.13722517058378 1.19150571730566 0.433596755017833 0.951604132680805 0.513259195893926 0.487234457220815 0.695664909197422 0.721469173589856 0.667693888032871 0.516228238783019 0.704542047669015 0.716222438225815 0.860959920831272 0.72163992208515 0.58202624050508 0.641152101006116
"na" 0.569147756670855 0.318694971101388 0.572316245605429 0.615103929106666 0.736488681901874 0.912847122129336 0.412616266871809 0.806597788653254 0.530367835757057 0.623660105242643 0.637082601054482 0.475513773502405 0.513610683102208 0.653522983140205 0.809473842002698 0.632663153766136 0.583869371598219 0.645580187366664 0.67080990431094 0.631288222529098
"uma" 0.229137408529825 0.545562577648139 0.363829613277737 0.664625008144914 0.671504386439944 0.643797444028058 0.39862927477446 0.570962479608483 0.778443113772455 0.711362307542389 0.530902167545401 0.562964582422387 0.558551617873652 0.774342358174529 0.292309998500974 0.617315530089869 0.66303809995052 0.615898339671645 0.641215349708987 0.532649437758927
"ao" 0.672629166974647 0.648193161562146 0.813506663396288 0.505636280706327 0.227445034116755 0.413183434226963 0.538499195747954 0.634402755120537 0.898203592814371 0.487234457220815 0.651728178090217 0.508307826847398 0.603492552645095 0.713932670657367 0.569629740668565 0.43655462901383 0.366155368629391 0.413690752249327 0.345269803689454 0.45373840994279
"meu" 0.347401877448444 0.232269216226435 0.11037527593819 0.478269368606242 0.357413625040615 0.249831843951187 0.874187006084342 0.335327170563712 0.171086398631309 0.126680958877412 0.150117164616286 0.344337560122431 0.654853620955316 0.642539403591631 0.891920251836306 0.794665848126737 0.781791192478971 0.814395696132084 0.789188122718753 0.759518642730322
"por" 0.768719047971025 0.334899800140442 0.22075055187638 0.781911774288135 0.205783602296112 0.317094263476506 0.38464228267711 0.199383723037883 0.367835757057314 0.399532254921068 0.292911540714704 0.338871884564932 0.507190549563431 0.444834971717283 0.247339229500824 0.50135570675807 0.366155368629391 0.49531583341063 0.572161388971096 0.641152101006116
"com" 0.480449404981891 0.275482093663912 0.404709345106696 0.716752459764123 0.368244340950937 0.201787258575959 0.188824393314218 0.398767446075766 0.513259195893926 0.711362307542389 0.41373755125952 0.344337560122431 0.61633281972265 0.593113295623044 0.284814870334283 0.46895516788595 0.484908461157843 0.435952138020592 0.325540100621486 0.394555139080687
"para" 0.221745879222411 0.183654729109275 0.183958793230316 0.836645598488304 0.758150113722517 0.230614009801095 0.25176585775229 0.244698205546493 0.513259195893926 0.60417072695381 0.248974809607499 0.174901617839965 0.365947611710324 0.477785710363007 0.277319742167591 0.399038215582954 0.435428005937655 0.395139597439941 0.473512873631252 0.374827382126652
"mas" 0.14043905684086 0.286285313023281 0.327037854631674 0.40659412262983 0.888118704646377 0.586143941577784 0.167843905168194 0.679717237629146 0.18819503849444 0.194893782888326 0.263620386643234 0.306077831219939 0.481510015408321 0.532703608105882 0.284814870334283 0.509882164355997 0.564077189510144 0.543548835915036 0.51297227976719 0.631288222529098
"sem" 0.25870352575948 0.140441851671798 0.130815141852669 0.377924024239265 0.530705079605762 0.4420101854521 0.209804881460242 0.435019032082654 0.256629597946963 0.380042876632235 0.311218512009373 0.306077831219939 0.276065742167437 0.280081278488659 0.202368460500675 0.601967906413601 0.692726373082632 0.623318801595399 0.729999013514847 0.670743736437167
"mais" 0.317835760218789 0.351104629179495 0.519172594227782 0.368801720205903 0.509043647785119 0.432401268377054 0.482551227358557 0.453144825086097 0.290846877673225 0.331319430910154 0.457674282366725 0.69960647135986 0.552131484334874 0.565654346751606 0.337280767501124 0.291604849849082 0.286986640277091 0.285687784064558 0.286080694485548 0.335371868218584
"ser" 0.118264468918619 0.140441851671798 0.0694955441092306 0.443083338763276 0.0541535795516084 0.0864802536754108 0.342681306385062 0.0815660685154976 0.0513259195893926 0.0779575131553304 0.175746924428823 0.114779186707477 0.109142270159219 0.104344005711461 0.0824464098336082 0.68893777391245 0.722414646214745 0.714219460161395 0.641215349708987 0.966660090747682
"dos" 0.561756227363442 0.388915896937287 0.445589076935655 0.508242653287287 0.227445034116755 0.393965600076871 0.356668298482411 0.32626427406199 0.248075278015398 0.34106412005457 0.80916813122437 0.60122431132488 0.423728813559322 0.362458125102971 0.254834357667516 0.192697941713136 0.217714002968827 0.178091086170114 0.108513366873829 0.13809429867824
"quem" 0.155222115455688 0.145843461351483 0.159430954132941 0.274972307291327 0.0541535795516084 0.0384356683001826 0.39862927477446 0.244698205546493 0.307955517536356 0.107191580588579 0.227006444053896 0.311543506777438 0.29532614278377 0.170245483002911 0.269824614000899 0.661653109599086 0.623453735774369 0.658565995733234 0.542566834369143 0.72992700729927
"tudo" 0.155222115455688 0.194457948468644 0.134903115035565 0.654199517821073 0.162460738654825 0.4420101854521 0.216798377508917 0.244698205546493 0.153977758768178 0.204638472032742 0.194053895723491 0.120244862264976 0.179763739085773 0.164753693228623 0.217358716834058 0.462134001807609 0.504700643245918 0.471199332158427 0.572161388971096 0.443874531465772
"minha" 0.273486584374307 0.23767082590612 0.0899354100237102 0.460024760539519 0.249106465937398 0.163351590275776 0.573466675991328 0.199383723037883 0.0684345594525235 0.116936269732996 0.109841827768014 0.191298644512462 0.507190549563431 0.356966335328684 0.54714435616849 0.433144045974659 0.45522018802573 0.426676560615898 0.463648022097267 0.404419017557704
"vida" 0.480449404981891 0.345703019499811 0.298422042351402 0.480875741187203 0.205783602296112 0.192178341500913 0.38464228267711 0.271886895051659 0.0855431993156544 0.0877022022997466 0.102519039250146 0.158504591167468 0.199024139702106 0.148278323905761 0.374756408334583 0.441670503572586 0.425531914893617 0.432241907058714 0.42418861596133 0.335371868218584
"alma" 0.532190110133787 0.448333603413817 0.204398659144796 0.294520101648531 0.0108307159103217 0.0288267512251369 0.447583747115183 0.299075584556824 0.239520958083832 0.0779575131553304 0.157439953134153 0.191298644512462 0.147663071391885 0.19221264210006 0.262329485834208 0.514998038914752 0.395843641761504 0.526852796586588 0.591891092039065 0.52278555928191
"d" 1.30830068741223 0.167449900070221 0.0981113563895021 0.00130318629048022 0 0 0.349674802433737 1.54069240529273 1.12061591103507 0.896511401286299 1.03617457527827 1.05487538259729 0.75115562403698 0.719424460431655 0.284814870334283 0.0255793727937791 0 0.0278267322140803 0.0493242576699221 0.00986387847701716
"ou" 0.155222115455688 0.151245071031167 0.339301774180361 0.345344366977259 0.25993718184772 0.259440761026232 0.0909154486327715 0.398767446075766 0.265183917878529 0.272851296043656 0.241652021089631 0.185832968954963 0.13482280431433 0.049426107968587 0.0974366661669915 0.533756245630191 0.484908461157843 0.547259066876913 0.384729209825392 0.641152101006116
"mim" 0.170005174070515 0.102630583914006 0.0245278390973755 0.514758584739688 0.173291454565147 0.240222926876141 0.440590251066508 0.117817654522385 0.0342172797262618 0.00974468914441629 0.0988576449912126 0.174901617839965 0.250385208012327 0.131802954582899 0.382251536501274 0.489418666120973 0.554181098466106 0.491605602448752 0.404458912893361 0.512921680804893
"das" 0.450883287752236 0.248474045265489 0.298422042351402 0.484785300058643 0.25993718184772 0.182569424425867 0.174837401216868 0.226572412543049 0.28229255774166 0.253361917754824 0.600468658465144 0.573895933537385 0.276065742167437 0.362458125102971 0.367261280167891 0.182466192595624 0.168233547748639 0.187366663574808 0.147972773009766 0.20714144801736
"só" 0.103481410303792 0.151245071031167 0.151255007767149 0.311461523424774 0.173291454565147 0.144133756125685 0.230785369606266 0.3715787565706 0.111206159110351 0.126680958877412 0.194053895723491 0.196764320069961 0.346687211093991 0.137294744357186 0.142407435167141 0.489418666120973 0.524492825333993 0.513866988220017 0.473512873631252 0.611560465575064
"te" 0.391751053292926 0.432128774374764 0.286158122802714 0.17462696292435 0.38990577277158 0.701450946478332 0.622421148332051 0.262823998549937 0.265183917878529 0.175404404599493 0.380785002929115 0.327940533449934 0.622752953261428 0.302048437585809 0.254834357667516 0.262614894016132 0.296882731321128 0.261571282812355 0.404458912893361 0.226869204971395
"nem" 0.0591322344593096 0.264678874304543 0.286158122802714 0.284094611324689 0.335752193219972 0.230614009801095 0.139869920973495 0.299075584556824 0.128314798973482 0.155915026310661 0.172085530169889 0.224092697857455 0.173343605546995 0.0659014772914493 0.104931794333683 0.503060998277656 0.49480455220188 0.487895371486875 0.601755943573049 0.493193923850858
"onde" 0.391751053292926 0.11883541295306 0.151255007767149 0.242392650029322 0.238275750027077 0.182569424425867 0.237778865654941 0.28094979155338 0.153977758768178 0.155915026310661 0.120826010544815 0.125710537822475 0.154083204930663 0.291064858037234 0.217358716834058 0.422912296857148 0.24740227610094 0.393284481959002 0.473512873631252 0.512921680804893
"ó" 0.0073915293074137 0.162048290390536 0.0572316245605429 0.314067896005734 0.0433228636412867 0.0672624195253195 0.286733337995664 0 0.29940119760479 0.253361917754824 0.633421206795548 0.606689986882379 0.654853620955316 1.04344005711461 0.442212561834807 0.102317491175116 0.0395843641761504 0.111306928856321 0.0887836638058597 0.157822055632275
"nada" 0.0221745879222411 0.0918273645546373 0.0817594636579184 0.276275493581808 0.12996859092386 0.0960891707504564 0.167843905168194 0.0996918615189415 0.0342172797262618 0.0974468914441629 0.0878734622144113 0.0983821600349803 0.115562403697997 0.0988522159371739 0.0374756408334583 0.525229788032264 0.554181098466106 0.532418143029404 0.493242576699221 0.493193923850858
"sou" 0.0443491758444822 0.0864257548749527 0.0245278390973755 0.256727699224604 0.0974764431928951 0.163351590275776 0.419609762920484 0.0181257930034439 0.0342172797262618 0.0389787565776652 0.150117164616286 0.060122431132488 0.141242937853107 0.0384425284200121 0.367261280167891 0.462134001807609 0.603661553686294 0.473054447639366 0.42418861596133 0.542513316235944
"sei" 0.125655998226033 0.113433803273375 0.0204398659144796 0.213722551638757 0.140799306834182 0.0864802536754108 0.26575284984964 0.0634402755120537 0.0342172797262618 0.0292340674332489 0.0659050966608084 0.131176213379974 0.13482280431433 0.126311164808611 0.0974366661669915 0.472365750925121 0.573973280554181 0.487895371486875 0.503107428233205 0.503057802327875
"há" 0 0 0.0163518927315837 0.324493386329576 0.357413625040615 0.403574517151917 0.223791873557591 0.00906289650172195 0 0 0 0 0 0 0 0.484302791562218 0.623453735774369 0.502736295334385 0.473512873631252 0.483330045373841
"nos" 0.384359523985513 0.23767082590612 0.228926498242172 0.216328924219717 0.346582909130293 0.259440761026232 0.314707322190363 0.217509516041327 0.248075278015398 0.311830052621321 0.369800820152314 0.360734586794928 0.16050333846944 0.197704431874348 0.397241792834657 0.180760901076039 0.178129638792677 0.178091086170114 0.226891585281642 0.147958177155257
"já" 0.073915293074137 0.280883703343596 0.212574605510588 0.126409070176582 0.32492147730965 0.288267512251369 0.202811385411567 0.145006344027551 0.171086398631309 0.214383161177158 0.219683655536028 0.213161346742457 0.365947611710324 0.252622329617222 0.307300254834358 0.327415971760372 0.237506185056903 0.307949169835822 0.256486139883595 0.305780232787532
"noite" 0.177396703377929 0.226867606546751 0.196222712779004 0.169414217762429 0.314090761399329 0.249831843951187 0.356668298482411 0.217509516041327 0.222412318220701 0.175404404599493 0.0146455770357352 0.0327940533449934 0.179763739085773 0.23614696029436 0.562134612501874 0.305247182005764 0.425531914893617 0.309804285316761 0.266350991417579 0.246596961925429
"á" 0.694803754896888 0.518554529249716 0.576404218788325 0.0312764709715254 0 0.0288267512251369 0 0.444081928584376 0.48759623609923 0.380042876632235 0.582161687170475 0.404459991254919 0.558551617873652 0.604096875171618 0.427222305501424 0.00170529151958527 0 0.00371023096187738 0 0
"quando" 0.34001034814103 0.286285313023281 0.2003106859619 0.183749266957712 0.0433228636412867 0.0384356683001826 0.216798377508917 0.181257930034439 0.145423438836612 0.146170337166244 0.227006444053896 0.284215128989943 0.340267077555213 0.400900653522983 0.164892819667216 0.24897256185945 0.178129638792677 0.250440589926723 0.226891585281642 0.276188597356481
"coração" 0.14043905684086 0.275482093663912 0.155342980950045 0.164201472600508 0.0108307159103217 0.0576535024502739 0.13287642492482 0.262823998549937 0.0513259195893926 0.0682128240109141 0.0659050966608084 0.125710537822475 0.179763739085773 0.137294744357186 0.187378204167291 0.315478931123276 0.336467095497279 0.320934978202393 0.364999506757423 0.295916354310515
"amor" 0.413925641215167 0.788635013233944 0.2003106859619 0.0599465693620903 0.173291454565147 0.22100509272605 0.748304077208196 0.299075584556824 0.0684345594525235 0.0974468914441629 0.164762741652021 0.224092697857455 0.13482280431433 0.104344005711461 0.149902563333833 0.160297402841016 0.128649183572489 0.165105277803543 0.187432179145704 0.177549812586309
"teu" 0.502623992904132 0.410522335656025 0.138991088218461 0.0508242653287287 0.303260045489007 0.259440761026232 0.38464228267711 0.199383723037883 0.128314798973482 0.107191580588579 0.28925014645577 0.333406209007433 0.199024139702106 0.0988522159371739 0.404736921001349 0.162002694360601 0.227610094012865 0.178091086170114 0.276215842951564 0.128230420201223
"mundo" 0.583930815285683 0.0270080483984227 0.0286158122802714 0.17723333550531 0.292429329578685 0.269049678101278 0.279739841946989 0.126880551024107 0.162532078699743 0.107191580588579 0.234329232571763 0.14757324005247 0.224704673857216 0.148278323905761 0.269824614000899 0.218277314506915 0.188025729836715 0.220758742231704 0.138107921475782 0.226869204971395
"entre" 0.14043905684086 0.199859558148328 0.228926498242172 0.102951716947938 0.162460738654825 0.124915921975593 0.0559479683893979 0.172195033532717 0.0940975192472198 0.272851296043656 0.197715289982425 0.262352426759948 0.154083204930663 0.19221264210006 0.112426922500375 0.286488975290326 0.188025729836715 0.276412206659865 0.286080694485548 0.266324718879463
"dia" 0.214354349914997 0.172851509749905 0.171694873681629 0.151169609695706 0.162460738654825 0.124915921975593 0.195817889362893 0.154069240529273 0.162532078699743 0.136425648021828 0.128148799062683 0.213161346742457 0.250385208012327 0.219671590971498 0.172387947833908 0.25238314489862 0.237506185056903 0.252295705407662 0.128243069941797 0.236733083448412
"sol" 0.473057875674477 0.183654729109275 0.183958793230316 0.11468039356226 0.0974764431928951 0.0672624195253195 0.39862927477446 0.262823998549937 0.136869118905047 0.0584681348664978 0.194053895723491 0.262352426759948 0.179763739085773 0.318523806908672 0.322290511167741 0.197813816271892 0.0989609104403761 0.176235970689175 0.0493242576699221 0.217005326494378
"são" 0.0665237637667233 0.0972289742343218 0.0817594636579184 0.209812992767316 0.444059352323189 0.278658595176324 0.258759353800965 0.0634402755120537 0.102651839178785 0.126680958877412 0.073227885178676 0.153038915609969 0.29532614278377 0.197704431874348 0.142407435167141 0.228509063624427 0.257298367144978 0.228179204155459 0.138107921475782 0.236733083448412
"olhos" 0.118264468918619 0.334899800140442 0.474204889215927 0.1185899524337 0.422397920502545 0.15374267320073 0.39862927477446 0.435019032082654 0.0684345594525235 0.0194893782888326 0.0915348564733451 0.240489724529952 0.205444273240883 0.313032017134384 0.337280767501124 0.104022782694702 0.0791687283523008 0.0964660050088118 0.167702476077735 0.0690471493391201
"seu" 0.177396703377929 0.0432128774374764 0.171694873681629 0.0677656871049717 0.249106465937398 0.0960891707504564 0.0629414644380726 0.407830342577488 0.230966638152267 0.224127850321575 0.446690099589924 0.317009182334937 0.199024139702106 0.23614696029436 0.412232049168041 0.148360362203919 0.178129638792677 0.139133661070402 0.0986485153398441 0.13809429867824
"deus" 0.716978342819129 0.102630583914006 0.0899354100237102 0.164201472600508 0.0541535795516084 0.0192178341500913 0.209804881460242 0.126880551024107 0.658682634730539 0.350808809198987 0.10618043350908 0.14757324005247 0.250385208012327 0.197704431874348 0.254834357667516 0.117665114851384 0.0989609104403761 0.124292737222892 0.0690539607378909 0.197277569540343
"ter" 0.0591322344593096 0.0270080483984227 0.0204398659144796 0.229360787124519 0 0.0288267512251369 0.111895936778796 0.0362515860068878 0.0256629597946963 0.0292340674332489 0.0475981253661394 0.0327940533449934 0.0770416024653313 0.0768850568400242 0.0149902563333833 0.324005388721202 0.336467095497279 0.33948613301178 0.355134655223439 0.493193923850858
"tão" 0.177396703377929 0.129638632312429 0.147167034584253 0.164201472600508 0.249106465937398 0.192178341500913 0.237778865654941 0.28094979155338 0.136869118905047 0.0974468914441629 0.0695664909197422 0.0929164844774814 0.571391884951207 0.23614696029436 0.0899415380002998 0.170529151958527 0.168233547748639 0.165105277803543 0.167702476077735 0.128230420201223
"lhe" 0.170005174070515 0.41592394533571 0.972937617529229 0.0417019612953672 0.140799306834182 0.0288267512251369 0.0559479683893979 0.199383723037883 0.265183917878529 0.321574741765738 0.186731107205624 0.180367293397464 0.192604006163328 0.225163380745785 0.217358716834058 0.0596852031854846 0.0395843641761504 0.0704943882756702 0.0295945546019532 0.059183270862103
"tu" 0.229137408529825 0.394317506616972 0.224838525059276 0.113377207271779 0.0974764431928951 0.0864802536754108 0.272746345898315 0.172195033532717 0.230966638152267 0.0877022022997466 0.351493848857645 0.240489724529952 0.353107344632768 0.175737272777198 0.284814870334283 0.075032826861752 0.0692726373082632 0.0686392727947315 0.118378218407813 0.059183270862103
"luz" 0.724369872126543 0.194457948468644 0.134903115035565 0.0690688733954519 0.0108307159103217 0.0672624195253195 0.230785369606266 0.389704549574044 0.248075278015398 0.18514909374391 0.161101347393087 0.295146480104941 0.115562403697997 0.126311164808611 0.629590766002099 0.0989069081359458 0.158337456704602 0.111306928856321 0.0690539607378909 0.0887749062931545
"à" 0 0.00540160967968455 0 0.319280641167655 0.216614318206433 0.105698087825502 0.377648786628436 0.0181257930034439 0.0171086398631309 0 0 0 0.0256805341551104 0.0109835795485749 0.0149902563333833 0.257499019457376 0.277090549233053 0.274557091178926 0.266350991417579 0.256460840402446
"porque" 0.0591322344593096 0.0972289742343218 0.0245278390973755 0.203297061314915 0.0758150113722517 0.0192178341500913 0.13287642492482 0.0362515860068878 0.0684345594525235 0.0877022022997466 0.0402753368482718 0.00546567555749891 0.154083204930663 0.0823768466143116 0.0974366661669915 0.291604849849082 0.277090549233053 0.287542899545497 0.374864358291408 0.295916354310515
"meus" 0.110872939611206 0.221465996867066 0.0817594636579184 0.187658825829152 0.368244340950937 0.105698087825502 0.524512203650605 0.244698205546493 0.00855431993156544 0.0487234457220815 0.054920913884007 0.174901617839965 0.269645608628659 0.164753693228623 0.299805126667666 0.133012738527651 0.138545274616526 0.122437621741953 0.128243069941797 0.118366541724206
"tem" 0.103481410303792 0.11883541295306 0.049055678194751 0.11598357985274 0.0866457272825734 0.0288267512251369 0.125882928876145 0.0815660685154976 0.111206159110351 0.155915026310661 0.128148799062683 0.196764320069961 0.192604006163328 0.175737272777198 0.0524658971668416 0.226803772104841 0.197921820880752 0.248585474445784 0.315675249087501 0.276188597356481
"tenho" 0.0221745879222411 0.0324096580781073 0.00817594636579184 0.276275493581808 0.032492147730965 0.115307004900548 0.258759353800965 0.0362515860068878 0.0256629597946963 0.00974468914441629 0.0475981253661394 0.0655881066899869 0.121982537236775 0.0768850568400242 0.022485384500075 0.237035521222353 0.296882731321128 0.243020128002968 0.207161882213673 0.246596961925429
"era" 0.0221745879222411 0.17825311942959 0.286158122802714 0.161595100019548 0.173291454565147 0.144133756125685 0.0769284565354221 0.117817654522385 0.136869118905047 0.155915026310661 0.054920913884007 0.218627022299956 0.205444273240883 0.21417980119721 0.127417178833758 0.136423321566822 0.0296882731321128 0.163250162322605 0.187432179145704 0.295916354310515
"assim" 0.103481410303792 0.124237022632745 0.11037527593819 0.105558089528898 0.0758150113722517 0.0672624195253195 0.286733337995664 0.0271886895051659 0.076988879384089 0.136425648021828 0.161101347393087 0.153038915609969 0.333846944016436 0.25811411939151 0.149902563333833 0.172234443478113 0.108857001484414 0.174380855208237 0.24662128834961 0.246596961925429
"sempre" 0.103481410303792 0.0486144871171609 0.0245278390973755 0.239786277448361 0.12996859092386 0.144133756125685 0.258759353800965 0.172195033532717 0.0342172797262618 0.155915026310661 0.146455770357352 0.169435942282466 0.173343605546995 0.120819375034324 0.112426922500375 0.160297402841016 0.138545274616526 0.146554122994156 0.108513366873829 0.167685934109292
"bem" 0.243920467144652 0.113433803273375 0.0858474368408143 0.0886166677526552 0.0433228636412867 0.115307004900548 0.188824393314218 0.0271886895051659 0.128314798973482 0.155915026310661 0.128148799062683 0.235024048972453 0.186183872624551 0.131802954582899 0.104931794333683 0.206340273869818 0.237506185056903 0.215193395788888 0.187432179145704 0.187413691063326
"todos" 0.14043905684086 0.0270080483984227 0.0572316245605429 0.479572554896723 0.151630022744503 0.201787258575959 0.0769284565354221 0.0543773790103317 0.0342172797262618 0.107191580588579 0.0951962507322789 0.0710537822474858 0.0706214689265537 0.0659014772914493 0 0.0852645759792637 0.0593765462642256 0.089045543085057 0.0986485153398441 0.108502663247189
"n" 0.413925641215167 0.23767082590612 0.0858474368408143 0 0 0 0.0279739841946989 0.0815660685154976 0.521813515825492 0.594426037809394 0.41373755125952 0.530170529077394 0.359527478171546 0.47229392058872 0.262329485834208 0.0136423321566822 0 0.0111306928856321 0.00986485153398441 0
"nas" 0.147830586148274 0.156646680710852 0.216662578693484 0.127712256467062 0.140799306834182 0.172960507350822 0.153856913070844 0.172195033532717 0.171086398631309 0.126680958877412 0.300234329232572 0.409925666812418 0.109142270159219 0.131802954582899 0.127417178833758 0.0903804505380195 0.128649183572489 0.0853353121231797 0.0789188122718753 0.0690471493391201
"mar" 0.221745879222411 0.145843461351483 0.0776714904750225 0.132925001628983 0.0974764431928951 0.0960891707504564 0.139869920973495 0.126880551024107 0.0513259195893926 0.0584681348664978 0.0988576449912126 0.20222999562746 0.436569080636877 0.252622329617222 0.0374756408334583 0.15518152828226 0.158337456704602 0.137278545589463 0.108513366873829 0.147958177155257
"sonho" 0.0886983516889644 0.0810241451952682 0.0245278390973755 0.0690688733954519 0.032492147730965 0.00960891707504564 0.349674802433737 0.154069240529273 0.0256629597946963 0.0389787565776652 0.0915348564733451 0.0163970266724967 0.0128402670775552 0.0329507386457246 0.142407435167141 0.288194266809911 0.217714002968827 0.289398015026435 0.256486139883595 0.394555139080687
"sobre" 0.177396703377929 0.0864257548749527 0.167606900498733 0.168111031471949 0.140799306834182 0.0672624195253195 0.153856913070844 0.154069240529273 0.136869118905047 0.0974468914441629 0.223345049794962 0.169435942282466 0.0834617360041089 0.0988522159371739 0.247339229500824 0.12619157244931 0.118753092528451 0.118727390780076 0.128243069941797 0.108502663247189
"aos" 0.273486584374307 0.194457948468644 0.216662578693484 0.119893138724181 0.0866457272825734 0.0576535024502739 0.11888943282747 0.154069240529273 0.256629597946963 0.146170337166244 0.216022261277094 0.240489724529952 0.173343605546995 0.285573068262947 0.112426922500375 0.0733275353421667 0.0692726373082632 0.0723495037566089 0.118378218407813 0.0493193923850858
"foi" 0.0665237637667233 0.156646680710852 0.138991088218461 0.0899198540431355 0.0866457272825734 0.0768713366003651 0.13287642492482 0.0543773790103317 0.128314798973482 0.165659715455077 0.113503222026948 0.0929164844774814 0.102722136620442 0.153770113680048 0.0899415380002998 0.168823860438942 0.24740227610094 0.181801317131991 0.217026733747657 0.157822055632275
"nunca" 0.0147830586148274 0.0216064387187382 0.126727168669774 0.149866423405226 0.0758150113722517 0.0864802536754108 0.181830897265543 0.290012688055102 0.0342172797262618 0.0974468914441629 0.135471587580551 0.0819851333624836 0.115562403697997 0.0988522159371739 0.022485384500075 0.177350318036868 0.168233547748639 0.165105277803543 0.147972773009766 0.187413691063326
"vento" 0.0369576465370685 0.0864257548749527 0.0858474368408143 0.0182446080667231 0.0758150113722517 0.134524839050639 0.146863417022169 0.244698205546493 0.0342172797262618 0 0.10618043350908 0.136641888937473 0.218284540318439 0.153770113680048 0.164892819667216 0.185876775634795 0.356259277585354 0.18365643261293 0.177567327611719 0.266324718879463
"terra" 0.480449404981891 0.189056338788959 0.228926498242172 0.0547338242001694 0.0974764431928951 0.0960891707504564 0.174837401216868 0.145006344027551 0.0940975192472198 0.126680958877412 0.128148799062683 0.142107564494972 0.166923472008218 0.142786534131473 0.269824614000899 0.0699169523029962 0.0692726373082632 0.0704943882756702 0.118378218407813 0.059183270862103
"ah" 0.118264468918619 0.0810241451952682 0.0163518927315837 0.194174757281553 0 0.0192178341500913 0.139869920973495 0 0.00855431993156544 0.0584681348664978 0.0768892794376098 0.109313511149978 0.154083204930663 0.104344005711461 0.0824464098336082 0.163707985880186 0.197921820880752 0.146554122994156 0.167702476077735 0.0887749062931545
"triste" 0.0443491758444822 0.113433803273375 0.143079061401357 0.0534306379096892 0.0216614318206433 0.0384356683001826 0.328694314287712 0.0453144825086098 0.0171086398631309 0.0487234457220815 0.10618043350908 0.191298644512462 0.154083204930663 0.120819375034324 0.209863588667366 0.162002694360601 0.118753092528451 0.142843892032279 0.157837624543751 0.226869204971395
"olhar" 0.125655998226033 0.151245071031167 0.0735835172921266 0.0586433830716101 0.0216614318206433 0.0288267512251369 0.293726834044339 0.145006344027551 0.18819503849444 0.0487234457220815 0.0988576449912126 0.125710537822475 0.0770416024653313 0.0768850568400242 0.209863588667366 0.153476236762675 0.0890648193963385 0.15582970039885 0.157837624543751 0.187413691063326
"tua" 0.229137408529825 0.221465996867066 0.0776714904750225 0.0495210790382485 0.238275750027077 0.163351590275776 0.26575284984964 0.108754758020663 0.076988879384089 0.0389787565776652 0.0951962507322789 0.0874508089199825 0.192604006163328 0.104344005711461 0.509668715335032 0.0784434099009226 0.108857001484414 0.0853353121231797 0.157837624543751 0.0690471493391201
"eh" 0 0 0 0.662018635563954 0 0 0 0 0 0 0 0 0 0 0 0.00682116607834109 0 0.00371023096187738 0 0
"quero" 0.0221745879222411 0.0486144871171609 0.00817594636579184 0.113377207271779 0.06498429546193 0.115307004900548 0.0979089446814463 0 0.0427715996578272 0 0.0439367311072056 0.0273283777874945 0.0513610683102209 0.109835795485749 0.104931794333683 0.2199826060265 0.326571004453241 0.209628049346072 0.187432179145704 0.217005326494378
"toda" 0.0960898809963781 0.05941770647653 0.114463249121086 0.170717404052909 0.06498429546193 0.0864802536754108 0.188824393314218 0.145006344027551 0.111206159110351 0.0779575131553304 0.109841827768014 0.109313511149978 0.154083204930663 0.115327585260036 0.0974366661669915 0.102317491175116 0.0989609104403761 0.0927557740469344 0.108513366873829 0.0887749062931545
"céu" 0.0221745879222411 0.275482093663912 0.11037527593819 0.0299732846810452 0.0433228636412867 0.0480445853752282 0.13287642492482 0 0.0171086398631309 0 0.0036613942589338 0 0.0834617360041089 0.164753693228623 0.0824464098336082 0.221687897546086 0.286986640277091 0.230034319636397 0.177567327611719 0.177549812586309
"esta" 0.192179761992756 0.0972289742343218 0.151255007767149 0.1185899524337 0.06498429546193 0.0864802536754108 0.153856913070844 0.0453144825086098 0.0940975192472198 0.155915026310661 0.102519039250146 0.0819851333624836 0.121982537236775 0.21417980119721 0.157397691500525 0.104022782694702 0.148441365660564 0.0909006585659957 0.0789188122718753 0.0394555139080687
"morte" 0.0665237637667233 0.140441851671798 0.22075055187638 0.075584804847853 0.281598613668363 0.105698087825502 0.0349674802433737 0.190320826536161 0.0940975192472198 0.0389787565776652 0.124487404803749 0.060122431132488 0.0577812018489985 0.0549178977428744 0.644581022335482 0.0852645759792637 0.0989609104403761 0.0779148501994249 0.128243069941797 0.0394555139080687
"mesmo" 0.0960898809963781 0.0648193161562146 0.0613195977434388 0.198084316152994 0.0758150113722517 0.105698087825502 0.111895936778796 0.181257930034439 0.0598802395209581 0.0779575131553304 0.0292911540714704 0.0437254044599913 0.0449409347714432 0.109835795485749 0.0674561535002249 0.119370406370969 0.138545274616526 0.111306928856321 0.0789188122718753 0.167685934109292
