"Arriaga" "Assis_1" "Assis_2" "Caeiro" "Drummond_1" "Drummond_2" "Espanca" "Feijó" "Junqueiro_1" "Junqueiro_2" "Leal_1" "Leal_2" "Nobre_1" "Nobre_2" "Pascoaes" "Pessoa_1" "Pessoa_2" "Pessoa_3" "Pessoa_4" "Pessoa_5" "Pessoa_6"
"a" 4.44970064306305 4.48333603413817 4.25558008339465 3.700643481309 2.78349398895267 2.82502162006342 4.21707811735086 5.23835417799529 4.47390932420873 4.02455661664393 3.51493848857645 3.4761696545693 3.3256291730868 3.8497446317755 4.54204766901514 3.6073329390893 3.87708046734223 3.84183904426381 4.39256034823902 3.49560580626049 3.94438418301943
"que" 3.5035848917141 2.54955976881111 3.102771645818 4.53441498284884 2.03617459114047 1.84491207840876 3.86740331491713 3.32608301613196 2.40376390076989 1.8514909374391 3.44171060339777 2.40489724529952 3.53107344632768 3.03695974518095 3.09548793284365 5.03646757342795 4.87299219158706 4.94794229368813 4.5607439651761 4.96692011454527 5.20658712158564
"e" 3.74011382955133 3.27337546588883 4.07162129016434 3.97856731515561 3.16256904581393 3.08446238108965 3.44779355199664 3.04513322457858 3.5158254918734 4.6677061001754 4.03851786760398 4.67861827721906 2.92116076014381 2.96556647811522 4.8493479238495 3.02582298442736 3.35199860494856 3.37538625046744 4.01662049861496 3.1006220993384 3.48091904151464
"o" 3.59228324340306 3.39221087884189 3.63829613277737 3.32256691454468 2.61020253438752 2.78658595176324 2.7414504510805 3.36233460213884 3.86655260906758 3.8296628337556 3.56619800820152 2.67818102317446 2.27272727272727 3.06991048382668 2.79568280617599 4.02128917800118 3.64844703648447 3.72178157413057 3.7989711119905 3.44623284289523 3.66827729020807
"de" 1.98832138369429 2.50634689137363 2.6081268906876 2.36360449685771 3.37918336402036 3.90122033246853 3.36387159941255 2.45604495196665 2.68605645851155 2.47515104268174 1.51947861745753 1.89112374289462 2.56805341551104 2.92712394969521 3.15544895817718 2.54287403903016 2.54596888260255 2.5113660965577 2.55243371586862 2.62664165103189 2.28774282615127
"não" 0.406534111907754 1.08572354561659 0.895266127054206 2.79676506672676 1.75457597747211 1.47977322955703 0.951115462619764 0.516585100598151 0.521813515825492 0.467745078931982 0.5199179847686 0.677743769129864 1.27760657421674 0.928112471854577 0.487183330834957 2.29647151586832 2.17395516459669 2.16890708339074 1.78076770874555 2.18228498074454 2.3764914702692
"é" 0.532190110133787 0.65359477124183 0.502820701496198 2.57392523598488 1.09390230694249 0.884020370904199 1.1888943282747 0.670654341127424 1.17194183062447 0.808809198986552 0.662712360867018 0.579361609094884 0.969440164355419 0.87868636388599 1.01933743067006 2.08949339641238 1.86394373292515 1.86777933043358 1.67194301543332 1.74780290313025 1.93274824967952
"um" 1.07177174957499 1.2585750553665 0.923881939334478 0.9664738726558 1.07224087512185 1.2203324685308 0.979089446814463 1.17817654522385 2.31822070145423 2.04638472032742 1.56341534856473 1.65063401836467 0.841037493579866 0.955571420726015 0.86193973916954 1.23201261580919 1.11410358256961 1.12972111240135 1.19707162643451 1.31332082551595 1.00581796666995
"do" 1.62613644763101 1.49624588127262 1.34085520398986 0.938931871103433 0.823134409184447 0.97050062457961 0.755297573256871 1.00598151169114 1.47134302822926 1.05242642759696 1.57439953134153 1.0166156536948 0.738315356959425 0.933604261628865 1.05681307150352 1.29114922136803 1.11991629691345 1.12578480190517 1.29600316580926 0.987459267305224 0.976235085297308
"se" 0.93872422204154 1.08032193593691 1.00972937617529 1.4497108089837 1.3971623524315 1.71038723935812 0.874187006084342 1.55881819829618 0.761334473909324 0.711362307542389 0.59680726420621 0.694140795802361 0.770416024653313 0.653522983140205 0.989356918003298 1.18273211117682 1.21873244075875 1.20254285658053 1.31578947368421 1.21457489878543 1.0551227689577
"em" 1.92918914923498 1.05331388753849 0.645899762897555 0.535817121109692 1.13722517058378 1.03776304410493 1.32177075319952 1.49537792278412 0.846877673224979 1.29604365620737 0.867750439367311 0.890905115872322 0.905238828967643 0.697457301334505 1.701394093839 1.05460279913266 1.0850400108504 1.09626247318388 1.05856747130985 1.06645600868964 1.08470565033034
"da" 1.35264986325671 1.19375573921028 1.32041533807538 0.898870777936353 0.606520090978014 0.845584702604017 0.601440660186027 1.06035889070147 1.40290846877673 0.711362307542389 1.21192149970709 0.74879755137735 0.757575757575758 0.752375199077379 1.22920101933743 0.758919771338459 0.80021700800217 0.793166564978645 0.929956470122675 0.770218228498074 0.680406271570851
"me" 0.561756227363442 0.442931993734133 0.302510015534298 1.1667793384912 0.84479584100509 0.720668780628423 1.19588782432338 0.208446619539605 0.128314798973482 0.302085363476905 0.314879906268307 0.60122431132488 1.1748844375963 0.840243835465978 0.577124868835257 1.43899073526513 1.30398558446843 1.29701430848865 1.26632370399683 1.5305618643231 1.23262005719357
"os" 1.04959716165275 0.864257548749527 1.35720709672145 0.856305866446331 0.833965125094769 1.19150571730566 0.986082942863137 0.679717237629146 1.14627887082977 1.10114987331904 1.40963678968951 1.59051158723218 0.918079096045198 1.13130869350321 0.652076150502174 0.344963532426572 0.548332719769042 0.52746560648704 0.455085081123862 0.710970672459761 0.41416033921704
"as" 0.864808928967403 0.956084913304165 0.964761671163437 1.01404642079171 0.541535795516084 0.701450946478332 0.741310581159522 0.7431575131412 0.76988879384089 0.828298577275385 1.2997949619215 1.25710537822475 0.828197226502311 0.96655500027459 0.846949482836156 0.354819633353046 0.503768576466257 0.505815898758094 0.534230312623664 0.602350153056186 0.463465141504783
"como" 0.606105403207924 0.588775455085615 0.654075709263347 1.04158842234407 0.444059352323189 0.393965600076871 0.804252045597594 1.09661047670836 0.863986313088109 0.652894172675892 1.01054481546573 0.890905115872322 0.507190549563431 0.604096875171618 0.397241792834657 0.699783165779618 0.736277150219914 0.718376665551379 0.73209339137317 0.602350153056186 0.729711073858594
"eu" 0.613496932515337 0.523956138929401 0.17987082004742 0.98650441923934 0.238275750027077 0.134524839050639 1.17490733617735 0.244698205546493 0.29940119760479 0.302085363476905 0.527240773286467 0.579361609094884 1.19414483821263 0.66450656268878 0.667066406835557 0.936329588014981 0.866094437232373 0.871892774902084 0.821131776810447 0.849214969882492 1.0551227689577
"no" 0.680020696282061 0.550964187327824 0.71130733382389 0.5833896692456 1.13722517058378 1.19150571730566 0.433596755017833 0.951604132680805 0.513259195893926 0.487234457220815 0.695664909197422 0.721469173589856 0.667693888032871 0.516228238783019 0.704542047669015 0.739207569485512 0.724651721532231 0.722312976047551 0.583696082311041 0.641848523748395 0.769154915688788
"uma" 0.229137408529825 0.545562577648139 0.363829613277737 1.0315731490523 0.671504386439944 0.643797444028058 0.39862927477446 0.570962479608483 0.778443113772455 0.711362307542389 0.530902167545401 0.562964582422387 0.558551617873652 0.774342358174529 0.292309998500974 0.551941651882515 0.621960434791033 0.604223661162392 0.662841313810843 0.582600967710082 0.591657627452914
"na" 0.569147756670855 0.318694971101388 0.572316245605429 0.39309947670197 0.736488681901874 0.912847122129336 0.412616266871809 0.806597788653254 0.530367835757057 0.623660105242643 0.637082601054482 0.475513773502405 0.513610683102208 0.653522983140205 0.809473842002698 0.473092844470727 0.627773149134874 0.647523076620284 0.761772853185596 0.622099338402291 0.650823390198205
"meu" 0.347401877448444 0.232269216226435 0.11037527593819 0.295450562107213 0.357413625040615 0.249831843951187 0.874187006084342 0.335327170563712 0.171086398631309 0.126680958877412 0.150117164616286 0.344337560122431 0.654853620955316 0.642539403591631 0.891920251836306 0.87719298245614 0.784716436418593 0.801039185970989 0.682627621685793 0.770218228498074 0.966374124839759
"ao" 0.672629166974647 0.648193161562146 0.813506663396288 0.302962017076041 0.227445034116755 0.413183434226963 0.538499195747954 0.634402755120537 0.898203592814371 0.487234457220815 0.651728178090217 0.508307826847398 0.603492552645095 0.713932670657367 0.569629740668565 0.335107431500099 0.416577861308636 0.421185223090397 0.336367233874159 0.493729633652612 0.473326101962331
"mas" 0.14043905684086 0.286285313023281 0.327037854631674 0.778687498435114 0.888118704646377 0.586143941577784 0.167843905168194 0.679717237629146 0.18819503849444 0.194893782888326 0.263620386643234 0.306077831219939 0.481510015408321 0.532703608105882 0.284814870334283 0.571653853735462 0.534769719633411 0.533370072231298 0.415512465373961 0.631973931075343 0.581796666995365
"por" 0.768719047971025 0.334899800140442 0.22075055187638 0.766168406820401 0.205783602296112 0.317094263476506 0.38464228267711 0.199383723037883 0.367835757057314 0.399532254921068 0.292911540714704 0.338871884564932 0.507190549563431 0.444834971717283 0.247339229500824 0.374531835205993 0.497955862122416 0.495975122517664 0.504550850811239 0.57272637503703 0.591657627452914
"com" 0.480449404981891 0.275482093663912 0.404709345106696 0.51328275620321 0.368244340950937 0.201787258575959 0.188824393314218 0.398767446075766 0.513259195893926 0.711362307542389 0.41373755125952 0.344337560122431 0.61633281972265 0.593113295623044 0.284814870334283 0.325251330573625 0.443703861579896 0.446771241315515 0.554016620498615 0.394983706922089 0.424021299674588
"sem" 0.25870352575948 0.140441851671798 0.130815141852669 0.400610931670798 0.530705079605762 0.4420101854521 0.209804881460242 0.435019032082654 0.256629597946963 0.380042876632235 0.311218512009373 0.306077831219939 0.276065742167437 0.280081278488659 0.202368460500675 0.709639266706091 0.629710720582822 0.62980967938751 0.603482390185991 0.592475560383134 0.6902672320284
"mais" 0.317835760218789 0.351104629179495 0.519172594227782 0.590901124214427 0.509043647785119 0.432401268377054 0.482551227358557 0.453144825086097 0.290846877673225 0.331319430910154 0.457674282366725 0.69960647135986 0.552131484334874 0.565654346751606 0.337280767501124 0.315395229647152 0.292573288640019 0.299159597709067 0.247328848436882 0.365359928902933 0.147914406863228
"para" 0.221745879222411 0.183654729109275 0.183958793230316 0.968977690978743 0.758150113722517 0.230614009801095 0.25176585775229 0.244698205546493 0.513259195893926 0.60417072695381 0.248974809607499 0.174901617839965 0.365947611710324 0.477785710363007 0.277319742167591 0.433668440764833 0.39332700393327 0.401503670609538 0.425405619311437 0.365359928902933 0.404299378759491
"quem" 0.155222115455688 0.145843461351483 0.159430954132941 0.282931470492501 0.0541535795516084 0.0384356683001826 0.39862927477446 0.244698205546493 0.307955517536356 0.107191580588579 0.227006444053896 0.311543506777438 0.29532614278377 0.170245483002911 0.269824614000899 0.62093435836783 0.63746100637461 0.657363852860714 0.534230312623664 0.868964155228597 0.769154915688788
"ser" 0.118264468918619 0.140441851671798 0.0694955441092306 0.478229299682015 0.0541535795516084 0.0864802536754108 0.342681306385062 0.0815660685154976 0.0513259195893926 0.0779575131553304 0.175746924428823 0.114779186707477 0.109142270159219 0.104344005711461 0.0824464098336082 0.916617386162034 0.707213578500707 0.728217441791809 0.771666007123071 0.592475560383134 0.660684350655754
"d" 1.30830068741223 0.167449900070221 0.0981113563895021 0 0 0 0.349674802433737 1.54069240529273 1.12061591103507 0.896511401286299 1.03617457527827 1.05487538259729 0.75115562403698 0.719424460431655 0.284814870334283 0.019712201852947 0.02712600027126 0.0236178629770316 0 0.0691221487113657 0.00986096045754857
"minha" 0.273486584374307 0.23767082590612 0.0899354100237102 0.570870577630887 0.249106465937398 0.163351590275776 0.573466675991328 0.199383723037883 0.0684345594525235 0.116936269732996 0.109841827768014 0.191298644512462 0.507190549563431 0.356966335328684 0.54714435616849 0.354819633353046 0.443703861579896 0.432994154578913 0.346260387811634 0.424607484941246 0.48318706241988
"só" 0.103481410303792 0.151245071031167 0.151255007767149 0.640977490673277 0.173291454565147 0.144133756125685 0.230785369606266 0.3715787565706 0.111206159110351 0.126680958877412 0.194053895723491 0.196764320069961 0.346687211093991 0.137294744357186 0.142407435167141 0.611078257441356 0.519269148049834 0.494006967269578 0.415512465373961 0.513478818998716 0.591657627452914
"ou" 0.155222115455688 0.151245071031167 0.339301774180361 0.360549838503718 0.25993718184772 0.259440761026232 0.0909154486327715 0.398767446075766 0.265183917878529 0.272851296043656 0.241652021089631 0.185832968954963 0.13482280431433 0.049426107968587 0.0974366661669915 0.62093435836783 0.544457576873147 0.535338227479384 0.524337158686189 0.543102597017873 0.473326101962331
"nem" 0.0591322344593096 0.264678874304543 0.286158122802714 0.49325220961967 0.335752193219972 0.230614009801095 0.139869920973495 0.299075584556824 0.128314798973482 0.155915026310661 0.172085530169889 0.224092697857455 0.173343605546995 0.0659014772914493 0.104931794333683 0.502661147250148 0.496018290674469 0.492038812021492 0.405619311436486 0.543102597017873 0.650823390198205
"dos" 0.561756227363442 0.388915896937287 0.445589076935655 0.252885650617191 0.227445034116755 0.393965600076871 0.356668298482411 0.32626427406199 0.248075278015398 0.34106412005457 0.80916813122437 0.60122431132488 0.423728813559322 0.362458125102971 0.254834357667516 0.137985412970629 0.187944430450873 0.188942903816253 0.178076770874555 0.157993482768836 0.118331525490583
"alma" 0.532190110133787 0.448333603413817 0.204398659144796 0.147725281053607 0.0108307159103217 0.0288267512251369 0.447583747115183 0.299075584556824 0.239520958083832 0.0779575131553304 0.157439953134153 0.191298644512462 0.147663071391885 0.19221264210006 0.262329485834208 0.522373349103095 0.523144290945729 0.525497451238954 0.35615354174911 0.582600967710082 0.532491864707623
"te" 0.391751053292926 0.432128774374764 0.286158122802714 0.212824557450111 0.38990577277158 0.701450946478332 0.622421148332051 0.262823998549937 0.265183917878529 0.175404404599493 0.380785002929115 0.327940533449934 0.622752953261428 0.302048437585809 0.254834357667516 0.216834220382417 0.25769700257697 0.279478045228208 0.217649386624456 0.187617260787992 0.433882260132137
"vida" 0.480449404981891 0.345703019499811 0.298422042351402 0.210320739127169 0.205783602296112 0.192178341500913 0.38464228267711 0.271886895051659 0.0855431993156544 0.0877022022997466 0.102519039250146 0.158504591167468 0.199024139702106 0.148278323905761 0.374756408334583 0.492805046323674 0.457266861715526 0.423153378338483 0.346260387811634 0.365359928902933 0.48318706241988
"mim" 0.170005174070515 0.102630583914006 0.0245278390973755 0.400610931670798 0.173291454565147 0.240222926876141 0.440590251066508 0.117817654522385 0.0342172797262618 0.00974468914441629 0.0988576449912126 0.174901617839965 0.250385208012327 0.131802954582899 0.382251536501274 0.630790459294303 0.47470500474705 0.494006967269578 0.524337158686189 0.48385504097956 0.443743220589685
"tudo" 0.155222115455688 0.194457948468644 0.134903115035565 0.285435288815444 0.162460738654825 0.4420101854521 0.216798377508917 0.244698205546493 0.153977758768178 0.204638472032742 0.194053895723491 0.120244862264976 0.179763739085773 0.164753693228623 0.217358716834058 0.473092844470727 0.478580147642944 0.47826172528489 0.504550850811239 0.434482077614298 0.512769943792525
"das" 0.450883287752236 0.248474045265489 0.298422042351402 0.360549838503718 0.25993718184772 0.182569424425867 0.174837401216868 0.226572412543049 0.28229255774166 0.253361917754824 0.600468658465144 0.573895933537385 0.276065742167437 0.362458125102971 0.367261280167891 0.236546422235364 0.17631900176319 0.183038438071995 0.227542540561931 0.187617260787992 0.0493048022877428
"sei" 0.125655998226033 0.113433803273375 0.0204398659144796 0.42314529657728 0.140799306834182 0.0864802536754108 0.26575284984964 0.0634402755120537 0.0342172797262618 0.0292340674332489 0.0659050966608084 0.131176213379974 0.13482280431433 0.126311164808611 0.0974366661669915 0.482948945397201 0.482455290538839 0.505815898758094 0.405619311436486 0.404858299595142 0.680406271570851
"nada" 0.0221745879222411 0.0918273645546373 0.0817594636579184 0.277923833846616 0.12996859092386 0.0960891707504564 0.167843905168194 0.0996918615189415 0.0342172797262618 0.0974468914441629 0.0878734622144113 0.0983821600349803 0.115562403697997 0.0988522159371739 0.0374756408334583 0.630790459294303 0.527019433841623 0.51762483024661 0.514444004748714 0.434482077614298 0.640962429740657
"onde" 0.391751053292926 0.11883541295306 0.151255007767149 0.162748190991262 0.238275750027077 0.182569424425867 0.237778865654941 0.28094979155338 0.153977758768178 0.155915026310661 0.120826010544815 0.125710537822475 0.154083204930663 0.291064858037234 0.217358716834058 0.502661147250148 0.412702718412741 0.40543998110571 0.366046695686585 0.473980448306507 0.285967853268908
"sou" 0.0443491758444822 0.0864257548749527 0.0245278390973755 0.245374195648364 0.0974764431928951 0.163351590275776 0.419609762920484 0.0181257930034439 0.0342172797262618 0.0389787565776652 0.150117164616286 0.060122431132488 0.141242937853107 0.0384425284200121 0.367261280167891 0.542085550956042 0.472767433299103 0.474325414788719 0.514444004748714 0.414732892268194 0.502908983334977
"quando" 0.34001034814103 0.286285313023281 0.2003106859619 0.425649114900223 0.0433228636412867 0.0384356683001826 0.216798377508917 0.181257930034439 0.145423438836612 0.146170337166244 0.227006444053896 0.284215128989943 0.340267077555213 0.400900653522983 0.164892819667216 0.177409816676523 0.242196430993393 0.242083095514574 0.217649386624456 0.335736150883776 0.315550734641554
"já" 0.073915293074137 0.280883703343596 0.212574605510588 0.150229099376549 0.32492147730965 0.288267512251369 0.202811385411567 0.145006344027551 0.171086398631309 0.214383161177158 0.219683655536028 0.213161346742457 0.365947611710324 0.252622329617222 0.307300254834358 0.305539128720678 0.302261145879754 0.303095908205239 0.247328848436882 0.365359928902933 0.394438418301943
"nos" 0.384359523985513 0.23767082590612 0.228926498242172 0.245374195648364 0.346582909130293 0.259440761026232 0.314707322190363 0.217509516041327 0.248075278015398 0.311830052621321 0.369800820152314 0.360734586794928 0.16050333846944 0.197704431874348 0.397241792834657 0.187265917602996 0.17631900176319 0.186974748568167 0.158290462999604 0.17774266811494 0.167636327778326
"á" 0.694803754896888 0.518554529249716 0.576404218788325 0.00500763664588497 0 0.0288267512251369 0 0.444081928584376 0.48759623609923 0.380042876632235 0.582161687170475 0.404459991254919 0.558551617873652 0.604096875171618 0.427222305501424 0 0.00193757144794714 0.00196815524808597 0.00989315393747527 0 0
"há" 0 0 0.0163518927315837 0.375572748441373 0.357413625040615 0.403574517151917 0.223791873557591 0.00906289650172195 0 0 0 0 0 0 0 0.551941651882515 0.480517719090891 0.501879588261922 0.534230312623664 0.513478818998716 0.384577457844394
"noite" 0.177396703377929 0.226867606546751 0.196222712779004 0.192794010866572 0.314090761399329 0.249831843951187 0.356668298482411 0.217509516041327 0.222412318220701 0.175404404599493 0.0146455770357352 0.0327940533449934 0.179763739085773 0.23614696029436 0.562134612501874 0.206978119455943 0.302261145879754 0.305064063453325 0.336367233874159 0.217241038807149 0.502908983334977
"ó" 0.0073915293074137 0.162048290390536 0.0572316245605429 0 0.0433228636412867 0.0672624195253195 0.286733337995664 0 0.29940119760479 0.253361917754824 0.633421206795548 0.606689986882379 0.654853620955316 1.04344005711461 0.442212561834807 0.177409816676523 0.102691286741199 0.110216693892814 0.0890383854372774 0.118495112076627 0.0493048022877428
"sol" 0.473057875674477 0.183654729109275 0.183958793230316 0.40311474999374 0.0974764431928951 0.0672624195253195 0.39862927477446 0.262823998549937 0.136869118905047 0.0584681348664978 0.194053895723491 0.262352426759948 0.179763739085773 0.318523806908672 0.322290511167741 0.147841513897102 0.166631144523454 0.179102127575823 0.267115156311832 0.157993482768836 0.13805344640568
"amor" 0.413925641215167 0.788635013233944 0.2003106859619 0.0450687298129648 0.173291454565147 0.22100509272605 0.748304077208196 0.299075584556824 0.0684345594525235 0.0974468914441629 0.164762741652021 0.224092697857455 0.13482280431433 0.104344005711461 0.149902563333833 0.19712201852947 0.16275600162756 0.155484264598792 0.158290462999604 0.148118890095784 0.187358248693423
"porque" 0.0591322344593096 0.0972289742343218 0.0245278390973755 0.686046220486242 0.0758150113722517 0.0192178341500913 0.13287642492482 0.0362515860068878 0.0684345594525235 0.0877022022997466 0.0402753368482718 0.00546567555749891 0.154083204930663 0.0823768466143116 0.0974366661669915 0.266114725014784 0.28482300284823 0.291286976716723 0.306687772061733 0.365359928902933 0.335272655556651
"mundo" 0.583930815285683 0.0270080483984227 0.0286158122802714 0.262900923908961 0.292429329578685 0.269049678101278 0.279739841946989 0.126880551024107 0.162532078699743 0.107191580588579 0.234329232571763 0.14757324005247 0.224704673857216 0.148278323905761 0.269824614000899 0.236546422235364 0.21700800217008 0.216497077289457 0.207756232686981 0.17774266811494 0.20708016960852
"teu" 0.502623992904132 0.410522335656025 0.138991088218461 0.0275420015523674 0.303260045489007 0.259440761026232 0.38464228267711 0.199383723037883 0.128314798973482 0.107191580588579 0.28925014645577 0.333406209007433 0.199024139702106 0.0988522159371739 0.404736921001349 0.128129312044155 0.170506287419349 0.177133972327737 0.0890383854372774 0.138244297422731 0.256384971896263
"dia" 0.214354349914997 0.172851509749905 0.171694873681629 0.152732917699492 0.162460738654825 0.124915921975593 0.195817889362893 0.154069240529273 0.162532078699743 0.136425648021828 0.128148799062683 0.213161346742457 0.250385208012327 0.219671590971498 0.172387947833908 0.374531835205993 0.24413400244134 0.240114940266488 0.267115156311832 0.128369704749679 0.315550734641554
"olhos" 0.118264468918619 0.334899800140442 0.474204889215927 0.225343649064824 0.422397920502545 0.15374267320073 0.39862927477446 0.435019032082654 0.0684345594525235 0.0194893782888326 0.0915348564733451 0.240489724529952 0.205444273240883 0.313032017134384 0.337280767501124 0.0295683027794205 0.112379143980934 0.0964396071562125 0.108824693312228 0.187617260787992 0.0591657627452914
"entre" 0.14043905684086 0.199859558148328 0.228926498242172 0.0600916397506197 0.162460738654825 0.124915921975593 0.0559479683893979 0.172195033532717 0.0940975192472198 0.272851296043656 0.197715289982425 0.262352426759948 0.154083204930663 0.19221264210006 0.112426922500375 0.206978119455943 0.269322431264653 0.293255131964809 0.366046695686585 0.256739409499358 0.226802090523617
"são" 0.0665237637667233 0.0972289742343218 0.0817594636579184 0.368061293472546 0.444059352323189 0.278658595176324 0.258759353800965 0.0634402755120537 0.102651839178785 0.126680958877412 0.073227885178676 0.153038915609969 0.29532614278377 0.197704431874348 0.142407435167141 0.22669032130889 0.238321288097499 0.2243696982818 0.0989315393747527 0.276488594845463 0.20708016960852
"lhe" 0.170005174070515 0.41592394533571 0.972937617529229 0.170259645960089 0.140799306834182 0.0288267512251369 0.0559479683893979 0.199383723037883 0.265183917878529 0.321574741765738 0.186731107205624 0.180367293397464 0.192604006163328 0.225163380745785 0.217358716834058 0.0788488074117879 0.0581271434384143 0.0590446574425791 0.0593589236248516 0.0197491853461045 0.108470565033034
"seu" 0.177396703377929 0.0432128774374764 0.171694873681629 0.0876336413029871 0.249106465937398 0.0960891707504564 0.0629414644380726 0.407830342577488 0.230966638152267 0.224127850321575 0.446690099589924 0.317009182334937 0.199024139702106 0.23614696029436 0.412232049168041 0.167553715750049 0.145317858596036 0.139739022614104 0.16818361693708 0.167868075441888 0.0887486441179371
"coração" 0.14043905684086 0.275482093663912 0.155342980950045 0.0100152732917699 0.0108307159103217 0.0576535024502739 0.13287642492482 0.262823998549937 0.0513259195893926 0.0682128240109141 0.0659050966608084 0.125710537822475 0.179763739085773 0.137294744357186 0.187378204167291 0.295683027794205 0.315824146015384 0.322777460686099 0.326474079936684 0.414732892268194 0.20708016960852
"ter" 0.0591322344593096 0.0270080483984227 0.0204398659144796 0.373068930118431 0 0.0288267512251369 0.111895936778796 0.0362515860068878 0.0256629597946963 0.0292340674332489 0.0475981253661394 0.0327940533449934 0.0770416024653313 0.0768850568400242 0.0149902563333833 0.354819633353046 0.344887717734591 0.338522702670787 0.395726157499011 0.296237780191567 0.384577457844394
"luz" 0.724369872126543 0.194457948468644 0.134903115035565 0.137710007761837 0.0108307159103217 0.0672624195253195 0.230785369606266 0.389704549574044 0.248075278015398 0.18514909374391 0.161101347393087 0.295146480104941 0.115562403697997 0.126311164808611 0.629590766002099 0.0887049083382614 0.104628858189146 0.10234407290047 0.0692520775623269 0.157993482768836 0.118331525490583
"tem" 0.103481410303792 0.11883541295306 0.049055678194751 0.305465835398983 0.0866457272825734 0.0288267512251369 0.125882928876145 0.0815660685154976 0.111206159110351 0.155915026310661 0.128148799062683 0.196764320069961 0.192604006163328 0.175737272777198 0.0524658971668416 0.246402523161837 0.232508573753657 0.236178629770316 0.247328848436882 0.335736150883776 0.197219209150971
"assim" 0.103481410303792 0.124237022632745 0.11037527593819 0.257893287263076 0.0758150113722517 0.0672624195253195 0.286733337995664 0.0271886895051659 0.076988879384089 0.136425648021828 0.161101347393087 0.153038915609969 0.333846944016436 0.25811411939151 0.149902563333833 0.177409816676523 0.17631900176319 0.185006593320081 0.148397309062129 0.207366446134097 0.197219209150971
"tu" 0.229137408529825 0.394317506616972 0.224838525059276 0.130198552793009 0.0974764431928951 0.0864802536754108 0.272746345898315 0.172195033532717 0.230966638152267 0.0877022022997466 0.351493848857645 0.240489724529952 0.353107344632768 0.175737272777198 0.284814870334283 0.0689927064853144 0.0755652864699386 0.0728217441791809 0.0395726157499011 0.0394983706922089 0.147914406863228
"deus" 0.716978342819129 0.102630583914006 0.0899354100237102 0.102656551240642 0.0541535795516084 0.0192178341500913 0.209804881460242 0.126880551024107 0.658682634730539 0.350808809198987 0.10618043350908 0.14757324005247 0.250385208012327 0.197704431874348 0.254834357667516 0.0887049083382614 0.120129429772723 0.118089314885158 0.227542540561931 0.108620519403575 0.0986096045754856
"tão" 0.177396703377929 0.129638632312429 0.147167034584253 0.102656551240642 0.249106465937398 0.192178341500913 0.237778865654941 0.28094979155338 0.136869118905047 0.0974468914441629 0.0695664909197422 0.0929164844774814 0.571391884951207 0.23614696029436 0.0899415380002998 0.177409816676523 0.155005715835771 0.159420575094963 0.108824693312228 0.187617260787992 0.216941130066068
"n" 0.413925641215167 0.23767082590612 0.0858474368408143 0 0 0 0.0279739841946989 0.0815660685154976 0.521813515825492 0.594426037809394 0.41373755125952 0.530170529077394 0.359527478171546 0.47229392058872 0.262329485834208 0 0.0155005715835771 0.00984077624042985 0 0.00987459267305224 0.00986096045754857
"meus" 0.110872939611206 0.221465996867066 0.0817594636579184 0.210320739127169 0.368244340950937 0.105698087825502 0.524512203650605 0.244698205546493 0.00855431993156544 0.0487234457220815 0.054920913884007 0.174901617839965 0.269645608628659 0.164753693228623 0.299805126667666 0.0689927064853144 0.131754858460406 0.127930091125588 0.118717847249703 0.148118890095784 0.128192485948131
"bem" 0.243920467144652 0.113433803273375 0.0858474368408143 0.112671824532412 0.0433228636412867 0.115307004900548 0.188824393314218 0.0271886895051659 0.128314798973482 0.155915026310661 0.128148799062683 0.235024048972453 0.186183872624551 0.131802954582899 0.104931794333683 0.266114725014784 0.211195287826239 0.212560766793285 0.197863078749505 0.167868075441888 0.216941130066068
"à" 0 0.00540160967968455 0 0.325496381982523 0.216614318206433 0.105698087825502 0.377648786628436 0.0181257930034439 0.0171086398631309 0 0 0 0.0256805341551104 0.0109835795485749 0.0149902563333833 0.206978119455943 0.267384859816706 0.267669113739692 0.237435694499406 0.365359928902933 0.256384971896263
"nunca" 0.0147830586148274 0.0216064387187382 0.126727168669774 0.373068930118431 0.0758150113722517 0.0864802536754108 0.181830897265543 0.290012688055102 0.0342172797262618 0.0974468914441629 0.135471587580551 0.0819851333624836 0.115562403697997 0.0988522159371739 0.022485384500075 0.216834220382417 0.164693573075507 0.171229506583479 0.148397309062129 0.197491853461045 0.147914406863228
"nas" 0.147830586148274 0.156646680710852 0.216662578693484 0.147725281053607 0.140799306834182 0.172960507350822 0.153856913070844 0.172195033532717 0.171086398631309 0.126680958877412 0.300234329232572 0.409925666812418 0.109142270159219 0.131802954582899 0.127417178833758 0.0591366055588409 0.0910658580535157 0.0885669861638686 0.0692520775623269 0.128369704749679 0.06902672320284
"tenho" 0.0221745879222411 0.0324096580781073 0.00817594636579184 0.290442925461329 0.032492147730965 0.115307004900548 0.258759353800965 0.0362515860068878 0.0256629597946963 0.00974468914441629 0.0475981253661394 0.0655881066899869 0.121982537236775 0.0768850568400242 0.022485384500075 0.394244037058939 0.234446145201604 0.238146785018402 0.257222002374357 0.197491853461045 0.187358248693423
"vento" 0.0369576465370685 0.0864257548749527 0.0858474368408143 0.122687097824182 0.0758150113722517 0.134524839050639 0.146863417022169 0.244698205546493 0.0342172797262618 0 0.10618043350908 0.136641888937473 0.218284540318439 0.153770113680048 0.164892819667216 0.325251330573625 0.191819573346767 0.204688145800941 0.16818361693708 0.236990224153254 0.128192485948131
"sonho" 0.0886983516889644 0.0810241451952682 0.0245278390973755 0.0275420015523674 0.032492147730965 0.00960891707504564 0.349674802433737 0.154069240529273 0.0256629597946963 0.0389787565776652 0.0915348564733451 0.0163970266724967 0.0128402670775552 0.0329507386457246 0.142407435167141 0.374531835205993 0.296448431535913 0.279478045228208 0.286901464186783 0.286363187518515 0.216941130066068
"era" 0.0221745879222411 0.17825311942959 0.286158122802714 0.0625954580735622 0.173291454565147 0.144133756125685 0.0769284565354221 0.117817654522385 0.136869118905047 0.155915026310661 0.054920913884007 0.218627022299956 0.205444273240883 0.21417980119721 0.127417178833758 0.167553715750049 0.156943287283719 0.159420575094963 0.16818361693708 0.0493729633652612 0.197219209150971
"sempre" 0.103481410303792 0.0486144871171609 0.0245278390973755 0.195297829189514 0.12996859092386 0.144133756125685 0.258759353800965 0.172195033532717 0.0342172797262618 0.155915026310661 0.146455770357352 0.169435942282466 0.173343605546995 0.120819375034324 0.112426922500375 0.137985412970629 0.164693573075507 0.149579798854534 0.138504155124654 0.128369704749679 0.147914406863228
"terra" 0.480449404981891 0.189056338788959 0.228926498242172 0.167755827637147 0.0974764431928951 0.0960891707504564 0.174837401216868 0.145006344027551 0.0940975192472198 0.126680958877412 0.128148799062683 0.142107564494972 0.166923472008218 0.142786534131473 0.269824614000899 0.0689927064853144 0.0833155722617271 0.0747898994272668 0.0791452314998021 0.0296237780191567 0.06902672320284
"sobre" 0.177396703377929 0.0864257548749527 0.167606900498733 0.130198552793009 0.140799306834182 0.0672624195253195 0.153856913070844 0.154069240529273 0.136869118905047 0.0974468914441629 0.223345049794962 0.169435942282466 0.0834617360041089 0.0988522159371739 0.247339229500824 0.128129312044155 0.125942144116564 0.118089314885158 0.18796992481203 0.108620519403575 0.108470565033034
"mar" 0.221745879222411 0.145843461351483 0.0776714904750225 0.0175267282605974 0.0974764431928951 0.0960891707504564 0.139869920973495 0.126880551024107 0.0513259195893926 0.0584681348664978 0.0988576449912126 0.20222999562746 0.436569080636877 0.252622329617222 0.0374756408334583 0.187265917602996 0.145317858596036 0.149579798854534 0.108824693312228 0.187617260787992 0.0788876836603885
"aos" 0.273486584374307 0.194457948468644 0.216662578693484 0.0250381832294249 0.0866457272825734 0.0576535024502739 0.11888943282747 0.154069240529273 0.256629597946963 0.146170337166244 0.216022261277094 0.240489724529952 0.173343605546995 0.285573068262947 0.112426922500375 0.118273211117682 0.0716901435740443 0.0708535889310949 0.0791452314998021 0.0888713340574701 0.0493048022877428
"foi" 0.0665237637667233 0.156646680710852 0.138991088218461 0.0550840031047347 0.0866457272825734 0.0768713366003651 0.13287642492482 0.0543773790103317 0.128314798973482 0.165659715455077 0.113503222026948 0.0929164844774814 0.102722136620442 0.153770113680048 0.0899415380002998 0.22669032130889 0.180194144659084 0.181070282823909 0.108824693312228 0.148118890095784 0.256384971896263
"céu" 0.0221745879222411 0.275482093663912 0.11037527593819 0.0951450962718145 0.0433228636412867 0.0480445853752282 0.13287642492482 0 0.0171086398631309 0 0.0036613942589338 0 0.0834617360041089 0.164753693228623 0.0824464098336082 0.305539128720678 0.234446145201604 0.236178629770316 0.16818361693708 0.138244297422731 0.167636327778326
"coisa" 0 0.00540160967968455 0 0.598412579183254 0.0433228636412867 0.144133756125685 0.0349674802433737 0 0.00855431993156544 0.0389787565776652 0 0 0.00642013353877761 0.00549178977428744 0 0.167553715750049 0.164693573075507 0.163356885591135 0.18796992481203 0.187617260787992 0.167636327778326
"quero" 0.0221745879222411 0.0486144871171609 0.00817594636579184 0.212824557450111 0.06498429546193 0.115307004900548 0.0979089446814463 0 0.0427715996578272 0 0.0439367311072056 0.0273283777874945 0.0513610683102209 0.109835795485749 0.104931794333683 0.325251330573625 0.211195287826239 0.220433387785629 0.118717847249703 0.187617260787992 0.285967853268908
"triste" 0.0443491758444822 0.113433803273375 0.143079061401357 0.0325496381982523 0.0216614318206433 0.0384356683001826 0.328694314287712 0.0453144825086098 0.0171086398631309 0.0487234457220815 0.10618043350908 0.191298644512462 0.154083204930663 0.120819375034324 0.209863588667366 0.108417110191208 0.155005715835771 0.161388730343049 0.227542540561931 0.128369704749679 0.13805344640568
"olhar" 0.125655998226033 0.151245071031167 0.0735835172921266 0.0600916397506197 0.0216614318206433 0.0288267512251369 0.293726834044339 0.145006344027551 0.18819503849444 0.0487234457220815 0.0988576449912126 0.125710537822475 0.0770416024653313 0.0768850568400242 0.209863588667366 0.187265917602996 0.151130572939877 0.147611643606448 0.118717847249703 0.138244297422731 0.187358248693423
"tua" 0.229137408529825 0.221465996867066 0.0776714904750225 0.0375572748441373 0.238275750027077 0.163351590275776 0.26575284984964 0.108754758020663 0.076988879384089 0.0389787565776652 0.0951962507322789 0.0874508089199825 0.192604006163328 0.104344005711461 0.509668715335032 0.0788488074117879 0.0891282866055686 0.0964396071562125 0.0692520775623269 0.0493729633652612 0.0887486441179371
"ver" 0.0221745879222411 0.108032193593691 0.053143651377647 0.297954380430156 0.0216614318206433 0.0576535024502739 0.125882928876145 0.0996918615189415 0.0427715996578272 0.0292340674332489 0.073227885178676 0.0327940533449934 0.0577812018489985 0.197704431874348 0.0449707690001499 0.118273211117682 0.145317858596036 0.147611643606448 0.227542540561931 0.0987459267305224 0.147914406863228
"vejo" 0.0886983516889644 0.0378112677577918 0.00817594636579184 0.247878013971306 0.119137875013538 0.0384356683001826 0.0629414644380726 0.0453144825086098 0 0 0.0256297598125366 0.0491910800174902 0.102722136620442 0.225163380745785 0.277319742167591 0.0788488074117879 0.139505144252194 0.14170717786219 0.178076770874555 0.157993482768836 0.157775367320777
"morte" 0.0665237637667233 0.140441851671798 0.22075055187638 0.0550840031047347 0.281598613668363 0.105698087825502 0.0349674802433737 0.190320826536161 0.0940975192472198 0.0389787565776652 0.124487404803749 0.060122431132488 0.0577812018489985 0.0549178977428744 0.644581022335482 0.118273211117682 0.0852531437096743 0.0826625204196107 0.108824693312228 0.0691221487113657 0.0295828813726457
"esta" 0.192179761992756 0.0972289742343218 0.151255007767149 0.0751145496882746 0.06498429546193 0.0864802536754108 0.153856913070844 0.0453144825086098 0.0940975192472198 0.155915026310661 0.102519039250146 0.0819851333624836 0.121982537236775 0.21417980119721 0.157397691500525 0.0788488074117879 0.0968785723973572 0.0964396071562125 0.118717847249703 0.0592475560383134 0.06902672320284
"está" 0.0221745879222411 0.0270080483984227 0.00408797318289592 0.242870377325421 0.162460738654825 0.0864802536754108 0.0629414644380726 0.0181257930034439 0.0684345594525235 0.0194893782888326 0.0292911540714704 0.0437254044599913 0.0770416024653313 0.0659014772914493 0.0374756408334583 0.137985412970629 0.168568715971401 0.161388730343049 0.178076770874555 0.17774266811494 0.157775367320777
"voz" 0.0517407051518959 0.113433803273375 0.134903115035565 0.0225343649064824 0.0541535795516084 0.0960891707504564 0.195817889362893 0.145006344027551 0.0513259195893926 0.0389787565776652 0.212360867018161 0.125710537822475 0.16050333846944 0.0549178977428744 0.22485384500075 0.0689927064853144 0.0988161438453043 0.0964396071562125 0.138504155124654 0.0987459267305224 0.13805344640568
