"Arriaga" "Assis_1" "Assis_2" "Caeiro_1" "Caeiro_2" "Campos_1" "Campos_2" "Campos_3" "Drummond_1" "Drummond_2" "Espanca" "Feijó" "Junqueiro_1" "Junqueiro_2" "Leal_1" "Leal_2" "Nobre_1" "Nobre_2" "Pessoa_1" "Pessoa_2" "Pessoa_3" "Pessoa_4" "Reis_1"
"a" 4.44970064306305 4.48333603413817 4.25558008339465 3.80333037737708 3.49781386633354 3.06532171187935 3.54232227870572 3.20071984060672 2.78349398895267 2.82502162006342 4.21707811735086 5.23835417799529 4.47390932420873 4.02455661664393 3.51493848857645 3.4761696545693 3.3256291730868 3.8497446317755 3.78772933517459 3.90253565768621 4.10119577033304 3.77395577395577 3.87550797898702
"e" 3.74011382955133 3.27337546588883 4.07162129016434 4.68026406542517 4.05996252342286 3.41788267554598 3.08238521746147 3.18143839578379 3.16256904581393 3.08446238108965 3.44779355199664 3.04513322457858 3.5158254918734 4.6677061001754 4.03851786760398 4.67861827721906 2.92116076014381 2.96556647811522 3.43262971000197 3.24881141045959 3.14260302401423 3.29238329238329 3.11230052532461
"que" 3.5035848917141 2.54955976881111 3.102771645818 4.67041087791901 4.55965021861337 3.84879052002742 3.65528927620431 2.92435246481136 2.03617459114047 1.84491207840876 3.86740331491713 3.32608301613196 2.40376390076989 1.8514909374391 3.44171060339777 2.40489724529952 3.53107344632768 3.03695974518095 5.10948905109489 4.70483359746434 4.87202292716672 4.94348894348894 4.68827435821191
"o" 3.59228324340306 3.39221087884189 3.63829613277737 3.26140506453838 3.38850718301062 2.81069434923122 2.8483821512144 2.63513079246738 2.61020253438752 2.78658595176324 2.7414504510805 3.36233460213884 3.86655260906758 3.8296628337556 3.56619800820152 2.67818102317446 2.27272727272727 3.06991048382668 3.43262971000197 3.91244057052298 3.49836940409131 3.60687960687961 3.60788978094955
"de" 1.98832138369429 2.50634689137363 2.6081268906876 2.07902256379939 2.62336039975016 3.68230339829596 3.37287178245784 3.84343466803779 3.37918336402036 3.90122033246853 3.36387159941255 2.45604495196665 2.68605645851155 2.47515104268174 1.51947861745753 1.89112374289462 2.56805341551104 2.92712394969521 2.17991714342079 2.68423137876387 2.51012945943275 2.4963144963145 2.03191594806225
"não" 0.406534111907754 1.08572354561659 0.895266127054206 2.52241600157651 2.56089943785134 1.5179708157869 1.8800936012265 1.09904235490713 1.75457597747211 1.47977322955703 0.951115462619764 0.516585100598151 0.521813515825492 0.467745078931982 0.5199179847686 0.677743769129864 1.27760657421674 0.928112471854577 2.20950877885184 2.17908082408875 2.1345982804625 2.03439803439803 2.07156308851224
"um" 1.07177174957499 1.2585750553665 0.923881939334478 1.02473150064046 0.952529668956902 0.93036920967584 0.814976196239813 0.970499389420914 1.07224087512185 1.2203324685308 0.979089446814463 1.17817654522385 2.31822070145423 2.04638472032742 1.56341534856473 1.65063401836467 0.841037493579866 0.955571420726015 1.09489051094891 1.19849445324881 1.06729914023125 1.26781326781327 0.634354247199921
"do" 1.62613644763101 1.49624588127262 1.34085520398986 0.916346438072717 0.905683947532792 1.40045049456469 0.968288549987896 1.00263513079247 0.823134409184447 0.97050062457961 0.755297573256871 1.00598151169114 1.47134302822926 1.05242642759696 1.57439953134153 1.0166156536948 0.738315356959425 0.933604261628865 1.21325705267311 1.22820919175911 1.24518233026979 1.02211302211302 1.03082565169987
"os" 1.04959716165275 0.864257548749527 1.35720709672145 0.965612375603508 0.890068707058089 0.891195769268436 1.31525861373356 1.10546950318144 0.833965125094769 1.19150571730566 0.986082942863137 0.679717237629146 1.14627887082977 1.10114987331904 1.40963678968951 1.59051158723218 0.918079096045198 1.13130869350321 0.443874531465772 0.53486529318542 0.592943966795138 0.402948402948403 1.24888492417484
"é" 0.532190110133787 0.65359477124183 0.502820701496198 2.19726081387329 2.62336039975016 1.11644305161101 0.968288549987896 0.784112089465904 1.09390230694249 0.884020370904199 1.1888943282747 0.670654341127424 1.17194183062447 0.808809198986552 0.662712360867018 0.579361609094884 0.969440164355419 0.87868636388599 1.91359242454133 1.8324088748019 1.79859669927858 1.80835380835381 1.34800277529983
"se" 0.93872422204154 1.08032193593691 1.00972937617529 1.46812493841758 1.24921923797626 0.989129370286945 0.871459694989107 0.93193649977505 1.3971623524315 1.71038723935812 0.874187006084342 1.55881819829618 0.761334473909324 0.711362307542389 0.59680726420621 0.694140795802361 0.770416024653313 0.653522983140205 0.927204576839613 1.51545166402536 1.13647593635735 1.30712530712531 1.07047279214987
"em" 1.92918914923498 1.05331388753849 0.645899762897555 0.620750812887969 0.499687695190506 0.754088727842523 1.03284111998709 0.886946461854875 1.13722517058378 1.03776304410493 1.32177075319952 1.49537792278412 0.846877673224979 1.29604365620737 0.867750439367311 0.890905115872322 0.905238828967643 0.697457301334505 1.0357072400868 0.960776545166403 1.02776954244491 1.33660933660934 0.862325304787392
"da" 1.35264986325671 1.19375573921028 1.32041533807538 0.847374125529609 0.843222985633979 1.0380961707962 1.01670297748729 0.848383572209011 0.606520090978014 0.845584702604017 0.601440660186027 1.06035889070147 1.40290846877673 0.711362307542389 1.21192149970709 0.74879755137735 0.757575757575758 0.752375199077379 0.946932333793648 0.950871632329635 0.741179958493922 0.746928746928747 0.743383883437407
"as" 0.864808928967403 0.956084913304165 0.964761671163437 1.18238250073899 0.890068707058089 0.636568406620311 0.960219478737997 1.15045954110161 0.541535795516084 0.701450946478332 0.741310581159522 0.7431575131412 0.76988879384089 0.828298577275385 1.2997949619215 1.25710537822475 0.828197226502311 0.96655500027459 0.45373840994279 0.53486529318542 0.405178377310011 0.422604422604423 0.832589949449896
"me" 0.561756227363442 0.442931993734133 0.302510015534298 1.24150162577594 1.21798875702686 1.19478993242582 1.25070604373437 1.08618805835851 0.84479584100509 0.720668780628423 1.19588782432338 0.208446619539605 0.128314798973482 0.302085363476905 0.314879906268307 0.60122431132488 1.1748844375963 0.840243835465978 1.21325705267311 1.23811410459588 1.69977270481273 1.38574938574939 0.812766379224898
"como" 0.606105403207924 0.588775455085615 0.654075709263347 1.04443787565277 1.17114303560275 0.734502007638821 0.718147341241023 0.816247830837457 0.444059352323189 0.393965600076871 0.804252045597594 1.09661047670836 0.863986313088109 0.652894172675892 1.01054481546573 0.890905115872322 0.507190549563431 0.604096875171618 0.680607614914184 0.584389857369255 0.751062357940508 0.855036855036855 0.664089602537417
"no" 0.680020696282061 0.550964187327824 0.71130733382389 0.551778500344862 0.640224859462836 0.548428165703653 0.629387557492133 0.681277717076933 1.13722517058378 1.19150571730566 0.433596755017833 0.951604132680805 0.513259195893926 0.487234457220815 0.695664909197422 0.721469173589856 0.667693888032871 0.516228238783019 0.808838035115407 0.80229793977813 0.672003162367823 0.619164619164619 0.614530676974923
"eu" 0.613496932515337 0.523956138929401 0.17987082004742 0.955759188097349 1.01499063085572 0.891195769268436 1.29105139998386 0.604151937785205 0.238275750027077 0.134524839050639 1.17490733617735 0.244698205546493 0.29940119760479 0.302085363476905 0.527240773286467 0.579361609094884 1.19414483821263 0.66450656268878 0.720063128822253 0.841917591125198 1.08706393912442 0.972972972972973 0.227971057587471
"na" 0.569147756670855 0.318694971101388 0.572316245605429 0.433540250270963 0.374765771392879 0.558221525805504 0.758492697490519 0.482036120573302 0.736488681901874 0.912847122129336 0.412616266871809 0.806597788653254 0.530367835757057 0.623660105242643 0.637082601054482 0.475513773502405 0.513610683102208 0.653522983140205 0.720063128822253 0.594294770206022 0.464472773989525 0.707616707616708 0.703736742987412
"uma" 0.229137408529825 0.545562577648139 0.363829613277737 0.798108187998818 1.06183635227983 0.568014885907355 0.758492697490519 0.629860530882447 0.671504386439944 0.643797444028058 0.39862927477446 0.570962479608483 0.778443113772455 0.711362307542389 0.530902167545401 0.562964582422387 0.558551617873652 0.774342358174529 0.66087985796015 0.574484944532488 0.672003162367823 0.540540540540541 0.218059272474973
"ao" 0.672629166974647 0.648193161562146 0.813506663396288 0.39412750024633 0.28107432854466 0.450494564685143 0.548696844993141 0.488463268847612 0.227445034116755 0.413183434226963 0.538499195747954 0.634402755120537 0.898203592814371 0.487234457220815 0.651728178090217 0.508307826847398 0.603492552645095 0.713932670657367 0.434010652988755 0.455625990491284 0.375531178970254 0.373464373464373 0.485677470512439
"com" 0.480449404981891 0.275482093663912 0.404709345106696 0.620750812887969 0.468457214241099 0.636568406620311 0.782699911240216 0.739122051545729 0.368244340950937 0.201787258575959 0.188824393314218 0.398767446075766 0.513259195893926 0.711362307542389 0.41373755125952 0.344337560122431 0.61633281972265 0.593113295623044 0.374827382126652 0.574484944532488 0.464472773989525 0.334152334152334 0.535236396074933
"d" 1.30830068741223 0.167449900070221 0.0981113563895021 0 0 0 0 0.00642714827431069 0 0 0.349674802433737 1.54069240529273 1.12061591103507 0.896511401286299 1.03617457527827 1.05487538259729 0.75115562403698 0.719424460431655 0.0197277569540343 0.00990491283676704 0.0296471983397569 0.0393120393120393 0
"por" 0.768719047971025 0.334899800140442 0.22075055187638 0.709429500443393 0.827607745159275 0.803055528351778 0.911805051238602 0.642714827431069 0.205783602296112 0.317094263476506 0.38464228267711 0.199383723037883 0.367835757057314 0.399532254921068 0.292911540714704 0.338871884564932 0.507190549563431 0.444834971717283 0.59183270862103 0.386291600633914 0.504002371775867 0.501228501228501 0.485677470512439
"mais" 0.317835760218789 0.351104629179495 0.519172594227782 0.463099812789437 0.687070580886946 0.401527764175889 0.363108206245461 0.334211710264156 0.509043647785119 0.432401268377054 0.482551227358557 0.453144825086097 0.290846877673225 0.331319430910154 0.457674282366725 0.69960647135986 0.552131484334874 0.565654346751606 0.295916354310515 0.316957210776545 0.365648779523668 0.235872235872236 0.792942808999901
"para" 0.221745879222411 0.183654729109275 0.183958793230316 0.965612375603508 1.06183635227983 0.685535207129566 1.01670297748729 0.777684941191593 0.758150113722517 0.230614009801095 0.25176585775229 0.244698205546493 0.513259195893926 0.60417072695381 0.248974809607499 0.174901617839965 0.365947611710324 0.477785710363007 0.394555139080687 0.445721077654517 0.405178377310011 0.402948402948403 0.545148181187432
"dos" 0.561756227363442 0.388915896937287 0.445589076935655 0.374421125234013 0.296689569019363 0.41132112427774 0.419591704994755 0.74554919982004 0.227445034116755 0.393965600076871 0.356668298482411 0.32626427406199 0.248075278015398 0.34106412005457 0.80916813122437 0.60122431132488 0.423728813559322 0.362458125102971 0.167685934109292 0.198098256735341 0.118588793359028 0.157248157248157 0.455942115174943
"meu" 0.347401877448444 0.232269216226435 0.11037527593819 0.315302000197064 0.343535290443473 0.41132112427774 0.508351488743646 0.520599010219166 0.357413625040615 0.249831843951187 0.874187006084342 0.335327170563712 0.171086398631309 0.126680958877412 0.150117164616286 0.344337560122431 0.654853620955316 0.642539403591631 0.789110278161373 0.693343898573692 0.968475145765392 0.845208845208845 0.198235702249975
"mas" 0.14043905684086 0.286285313023281 0.327037854631674 0.640457187900286 0.874453466583385 0.460287924786994 0.387315419995159 0.347066006812777 0.888118704646377 0.586143941577784 0.167843905168194 0.679717237629146 0.18819503849444 0.194893782888326 0.263620386643234 0.306077831219939 0.481510015408321 0.532703608105882 0.651015979483133 0.584389857369255 0.523767170669038 0.471744471744472 0.406383189612449
"sem" 0.25870352575948 0.140441851671798 0.130815141852669 0.325155187703222 0.390381011867583 0.421114484379591 0.56483498749294 0.199241596503631 0.530705079605762 0.4420101854521 0.209804881460242 0.435019032082654 0.256629597946963 0.380042876632235 0.311218512009373 0.306077831219939 0.276065742167437 0.280081278488659 0.641152101006116 0.713153724247227 0.751062357940508 0.56019656019656 0.327088908712459
"das" 0.450883287752236 0.248474045265489 0.298422042351402 0.374421125234013 0.374765771392879 0.430907844481442 0.427660776244654 0.610579086059515 0.25993718184772 0.182569424425867 0.174837401216868 0.226572412543049 0.28229255774166 0.253361917754824 0.600468658465144 0.573895933537385 0.276065742167437 0.362458125102971 0.13809429867824 0.287242472266244 0.118588793359028 0.176904176904177 0.327088908712459
"te" 0.391751053292926 0.432128774374764 0.286158122802714 0.197063750123165 0.156152404747033 0.215453922240721 0.137174211248285 0.231377337875185 0.38990577277158 0.701450946478332 0.622421148332051 0.262823998549937 0.265183917878529 0.175404404599493 0.380785002929115 0.327940533449934 0.622752953261428 0.302048437585809 0.286052475833498 0.227812995245642 0.187765589485127 0.157248157248157 0.465853900287442
"vida" 0.480449404981891 0.345703019499811 0.298422042351402 0.157651000098532 0.265459088069956 0.41132112427774 0.524489631243444 0.404910341281573 0.205783602296112 0.192178341500913 0.38464228267711 0.271886895051659 0.0855431993156544 0.0877022022997466 0.102519039250146 0.158504591167468 0.199024139702106 0.148278323905761 0.572104951666995 0.326862123613312 0.464472773989525 0.461916461916462 0.931707800574884
"minha" 0.273486584374307 0.23767082590612 0.0899354100237102 0.522218937826387 0.655840099937539 0.323180883361081 0.379246348745259 0.578443344687962 0.249106465937398 0.163351590275776 0.573466675991328 0.199383723037883 0.0684345594525235 0.116936269732996 0.109841827768014 0.191298644512462 0.507190549563431 0.356966335328684 0.45373840994279 0.495245641838352 0.38541357841684 0.461916461916462 0.118941421349985
"á" 0.694803754896888 0.518554529249716 0.576404218788325 0.0197063750123165 0 0 0 0.0964072241146603 0 0.0288267512251369 0 0.444081928584376 0.48759623609923 0.380042876632235 0.582161687170475 0.404459991254919 0.558551617873652 0.604096875171618 0 0 0 0 0
"quem" 0.155222115455688 0.145843461351483 0.159430954132941 0.266036062666273 0.437226733291693 0.323180883361081 0.298555636246268 0.218523041326563 0.0541535795516084 0.0384356683001826 0.39862927477446 0.244698205546493 0.307955517536356 0.107191580588579 0.227006444053896 0.311543506777438 0.29532614278377 0.170245483002911 0.493193923850858 0.475435816164818 0.909180749085878 0.864864864864865 0.515412825849936
"ó" 0.0073915293074137 0.162048290390536 0.0572316245605429 0 0 0.421114484379591 0.145243282498184 0.392056044732952 0.0433228636412867 0.0672624195253195 0.286733337995664 0 0.29940119760479 0.253361917754824 0.633421206795548 0.606689986882379 0.654853620955316 1.04344005711461 0.0887749062931545 0.0693343898573693 0.0988239944658563 0.216216216216216 0.0495589255624938
"tudo" 0.155222115455688 0.194457948468644 0.134903115035565 0.315302000197064 0.249843847595253 0.803055528351778 0.661663842491729 0.694132013625554 0.162460738654825 0.4420101854521 0.216798377508917 0.244698205546493 0.153977758768178 0.204638472032742 0.194053895723491 0.120244862264976 0.179763739085773 0.164753693228623 0.473466166896824 0.386291600633914 0.336001581183911 0.501228501228501 0.346912478937457
"ou" 0.155222115455688 0.151245071031167 0.339301774180361 0.374421125234013 0.23422860712055 0.352560963666634 0.443798918744452 0.269940227521049 0.25993718184772 0.259440761026232 0.0909154486327715 0.398767446075766 0.265183917878529 0.272851296043656 0.241652021089631 0.185832968954963 0.13482280431433 0.049426107968587 0.414282896034721 0.524960380348653 0.731297559047337 0.540540540540541 0.574883536524928
"nos" 0.384359523985513 0.23767082590612 0.228926498242172 0.157651000098532 0.390381011867583 0.176280481833317 0.18558863874768 0.28279452406967 0.346582909130293 0.259440761026232 0.314707322190363 0.217509516041327 0.248075278015398 0.311830052621321 0.369800820152314 0.360734586794928 0.16050333846944 0.197704431874348 0.108502663247189 0.16838351822504 0.148235991698784 0.245700245700246 1.09029636237486
"alma" 0.532190110133787 0.448333603413817 0.204398659144796 0.16750418760469 0.14053716427233 0.254627362648125 0.266279351246672 0.379201748184331 0.0108307159103217 0.0288267512251369 0.447583747115183 0.299075584556824 0.239520958083832 0.0779575131553304 0.157439953134153 0.191298644512462 0.147663071391885 0.19221264210006 0.473466166896824 0.485340729001585 0.573179167901967 0.599508599508599 0.168500346912479
"nem" 0.0591322344593096 0.264678874304543 0.286158122802714 0.472953000295596 0.499687695190506 0.303594163157379 0.363108206245461 0.192814448229321 0.335752193219972 0.230614009801095 0.139869920973495 0.299075584556824 0.128314798973482 0.155915026310661 0.172085530169889 0.224092697857455 0.173343605546995 0.0659014772914493 0.512921680804893 0.53486529318542 0.454590374542939 0.501228501228501 0.664089602537417
"só" 0.103481410303792 0.151245071031167 0.151255007767149 0.630604000394127 0.452841973766396 0.274214082851826 0.274348422496571 0.327784561989845 0.173291454565147 0.144133756125685 0.230785369606266 0.3715787565706 0.111206159110351 0.126680958877412 0.194053895723491 0.196764320069961 0.346687211093991 0.137294744357186 0.463602288419807 0.544770206022187 0.642355964028066 0.442260442260442 0.485677470512439
"ser" 0.118264468918619 0.140441851671798 0.0694955441092306 0.443393437777121 0.468457214241099 0.499461365194398 0.322762849995965 0.520599010219166 0.0541535795516084 0.0864802536754108 0.342681306385062 0.0815660685154976 0.0513259195893926 0.0779575131553304 0.175746924428823 0.114779186707477 0.109142270159219 0.104344005711461 0.621424344052081 0.614104595879556 0.780709556280265 0.766584766584767 0.257706412924968
"mim" 0.170005174070515 0.102630583914006 0.0245278390973755 0.315302000197064 0.468457214241099 0.401527764175889 0.548696844993141 0.527026158493476 0.173291454565147 0.240222926876141 0.440590251066508 0.117817654522385 0.0342172797262618 0.00974468914441629 0.0988576449912126 0.174901617839965 0.250385208012327 0.131802954582899 0.572104951666995 0.416006339144216 0.54353196956221 0.55036855036855 0.178412132024978
"quando" 0.34001034814103 0.286285313023281 0.2003106859619 0.403980687752488 0.499687695190506 0.195867202037019 0.18558863874768 0.18638729995501 0.0433228636412867 0.0384356683001826 0.216798377508917 0.181257930034439 0.145423438836612 0.146170337166244 0.227006444053896 0.284215128989943 0.340267077555213 0.400900653522983 0.187413691063326 0.198098256735341 0.336001581183911 0.275184275184275 0.247794627812469
"onde" 0.391751053292926 0.11883541295306 0.151255007767149 0.157651000098532 0.14053716427233 0.264420722749976 0.242072137496974 0.212095893052253 0.238275750027077 0.182569424425867 0.237778865654941 0.28094979155338 0.153977758768178 0.155915026310661 0.120826010544815 0.125710537822475 0.154083204930663 0.291064858037234 0.414282896034721 0.396196513470681 0.375531178970254 0.530712530712531 0.227971057587471
"amor" 0.413925641215167 0.788635013233944 0.2003106859619 0.0689723125431077 0 0.156693761629615 0.0242072137496974 0.0257085930972428 0.173291454565147 0.22100509272605 0.748304077208196 0.299075584556824 0.0684345594525235 0.0974468914441629 0.164762741652021 0.224092697857455 0.13482280431433 0.104344005711461 0.147958177155257 0.237717908082409 0.0790591955726851 0.108108108108108 0.188323917137476
"lhe" 0.170005174070515 0.41592394533571 0.972937617529229 0.177357375110848 0.0780762023735165 0.0783468808148076 0.0484144274993948 0.0257085930972428 0.140799306834182 0.0288267512251369 0.0559479683893979 0.199383723037883 0.265183917878529 0.321574741765738 0.186731107205624 0.180367293397464 0.192604006163328 0.225163380745785 0.059183270862103 0.118858954041204 0.00988239944658563 0.0687960687960688 0.0892060660124888
"já" 0.073915293074137 0.280883703343596 0.212574605510588 0.187210562617007 0.0624609618988132 0.0979336010185095 0.161381424997983 0.083552927566039 0.32492147730965 0.288267512251369 0.202811385411567 0.145006344027551 0.171086398631309 0.214383161177158 0.219683655536028 0.213161346742457 0.365947611710324 0.252622329617222 0.315644111264549 0.287242472266244 0.345883980630497 0.294840294840295 0.178412132024978
"olhos" 0.118264468918619 0.334899800140442 0.474204889215927 0.16750418760469 0.296689569019363 0.10772696112036 0.137174211248285 0.109261520663282 0.422397920502545 0.15374267320073 0.39862927477446 0.435019032082654 0.0684345594525235 0.0194893782888326 0.0915348564733451 0.240489724529952 0.205444273240883 0.313032017134384 0.128230420201223 0.0792393026941363 0.108706393912442 0.0982800982800983 0.178412132024978
"sol" 0.473057875674477 0.183654729109275 0.183958793230316 0.492659375307912 0.249843847595253 0.0783468808148076 0.193657709997579 0.0578443344687962 0.0974764431928951 0.0672624195253195 0.39862927477446 0.262823998549937 0.136869118905047 0.0584681348664978 0.194053895723491 0.262352426759948 0.179763739085773 0.318523806908672 0.167685934109292 0.237717908082409 0.15811839114537 0.137592137592138 0.218059272474973
"nada" 0.0221745879222411 0.0918273645546373 0.0817594636579184 0.305448812690906 0.218613366645846 0.293800803055528 0.419591704994755 0.154251558583457 0.12996859092386 0.0960891707504564 0.167843905168194 0.0996918615189415 0.0342172797262618 0.0974468914441629 0.0878734622144113 0.0983821600349803 0.115562403697997 0.0988522159371739 0.631288222529098 0.36648177496038 0.672003162367823 0.501228501228501 0.654177817424918
"teu" 0.502623992904132 0.410522335656025 0.138991088218461 0.0197063750123165 0.0312304809494066 0.0195867202037019 0.0322762849995965 0.115688668937592 0.303260045489007 0.259440761026232 0.38464228267711 0.199383723037883 0.128314798973482 0.107191580588579 0.28925014645577 0.333406209007433 0.199024139702106 0.0988522159371739 0.217005326494378 0.128763866877971 0.108706393912442 0.137592137592138 0.128853206462484
"tu" 0.229137408529825 0.394317506616972 0.224838525059276 0.0886786875554242 0.156152404747033 0.0881402409166585 0.153312353748084 0.154251558583457 0.0974764431928951 0.0864802536754108 0.272746345898315 0.172195033532717 0.230966638152267 0.0877022022997466 0.351493848857645 0.240489724529952 0.353107344632768 0.175737272777198 0.147958177155257 0.0792393026941363 0.0395295977863425 0.0393120393120393 0.138764991574983
"n" 0.413925641215167 0.23767082590612 0.0858474368408143 0 0 0 0 0 0 0 0.0279739841946989 0.0815660685154976 0.521813515825492 0.594426037809394 0.41373755125952 0.530170529077394 0.359527478171546 0.47229392058872 0.0295916354310515 0 0.00988239944658563 0 0
"mundo" 0.583930815285683 0.0270080483984227 0.0286158122802714 0.157651000098532 0.421611492816989 0.31338752325923 0.153312353748084 0.115688668937592 0.292429329578685 0.269049678101278 0.279739841946989 0.126880551024107 0.162532078699743 0.107191580588579 0.234329232571763 0.14757324005247 0.224704673857216 0.148278323905761 0.226869204971395 0.208003169572108 0.22729518727147 0.196560196560197 0.178412132024978
"deus" 0.716978342819129 0.102630583914006 0.0899354100237102 0.236476500147798 0.0312304809494066 0.146900401527764 0.18558863874768 0.199241596503631 0.0541535795516084 0.0192178341500913 0.209804881460242 0.126880551024107 0.658682634730539 0.350808809198987 0.10618043350908 0.14757324005247 0.250385208012327 0.197704431874348 0.0789110278161373 0.188193343898574 0.15811839114537 0.0786240786240786 0.188323917137476
"seu" 0.177396703377929 0.0432128774374764 0.171694873681629 0.0886786875554242 0.0780762023735165 0.0587601606111057 0.0161381424997983 0.122115817211903 0.249106465937398 0.0960891707504564 0.0629414644380726 0.407830342577488 0.230966638152267 0.224127850321575 0.446690099589924 0.317009182334937 0.199024139702106 0.23614696029436 0.108502663247189 0.148573692551506 0.108706393912442 0.186732186732187 0.307265338487462
"noite" 0.177396703377929 0.226867606546751 0.196222712779004 0.157651000098532 0.249843847595253 0.156693761629615 0.177519567497781 0.147824410309146 0.314090761399329 0.249831843951187 0.356668298482411 0.217509516041327 0.222412318220701 0.175404404599493 0.0146455770357352 0.0327940533449934 0.179763739085773 0.23614696029436 0.335371868218584 0.227812995245642 0.207530388378298 0.343980343980344 0.128853206462484
"dia" 0.214354349914997 0.172851509749905 0.171694873681629 0.137944625086215 0.202998126171143 0.117520321222211 0.209795852497378 0.083552927566039 0.162460738654825 0.124915921975593 0.195817889362893 0.154069240529273 0.162532078699743 0.136425648021828 0.128148799062683 0.213161346742457 0.250385208012327 0.219671590971498 0.295916354310515 0.208003169572108 0.237177586718055 0.353808353808354 0.327088908712459
"são" 0.0665237637667233 0.0972289742343218 0.0817594636579184 0.364567937727855 0.468457214241099 0.176280481833317 0.250141208746873 0.18638729995501 0.444059352323189 0.278658595176324 0.258759353800965 0.0634402755120537 0.102651839178785 0.126680958877412 0.073227885178676 0.153038915609969 0.29532614278377 0.197704431874348 0.217005326494378 0.188193343898574 0.256942385611226 0.275184275184275 0.227971057587471
"sou" 0.0443491758444822 0.0864257548749527 0.0245278390973755 0.216770125135481 0.32792004996877 0.31338752325923 0.258210279996772 0.257085930972428 0.0974764431928951 0.163351590275776 0.419609762920484 0.0181257930034439 0.0342172797262618 0.0389787565776652 0.150117164616286 0.060122431132488 0.141242937853107 0.0384425284200121 0.404419017557704 0.386291600633914 0.780709556280265 0.452088452088452 0.0792942808999901
"sei" 0.125655998226033 0.113433803273375 0.0204398659144796 0.344861562715538 0.484072454715803 0.186073841935168 0.234003066247075 0.192814448229321 0.140799306834182 0.0864802536754108 0.26575284984964 0.0634402755120537 0.0342172797262618 0.0292340674332489 0.0659050966608084 0.131176213379974 0.13482280431433 0.126311164808611 0.364963503649635 0.53486529318542 0.494119972329282 0.481572481572482 0.138764991574983
"tão" 0.177396703377929 0.129638632312429 0.147167034584253 0.0985318750615824 0.0780762023735165 0.0979336010185095 0.169450496247882 0.179960151680699 0.249106465937398 0.192178341500913 0.237778865654941 0.28094979155338 0.136869118905047 0.0974468914441629 0.0695664909197422 0.0929164844774814 0.571391884951207 0.23614696029436 0.0986387847701716 0.118858954041204 0.177883190038541 0.196560196560197 0.138764991574983
"luz" 0.724369872126543 0.194457948468644 0.134903115035565 0.118238250073899 0.0936914428482199 0.0685535207129566 0.0968288549987896 0.0385628896458641 0.0108307159103217 0.0672624195253195 0.230785369606266 0.389704549574044 0.248075278015398 0.18514909374391 0.161101347393087 0.295146480104941 0.115562403697997 0.126311164808611 0.0887749062931545 0.158478605388273 0.0988239944658563 0.0884520884520884 0.0198235702249975
"meus" 0.110872939611206 0.221465996867066 0.0817594636579184 0.206916937629323 0.23422860712055 0.137107041425913 0.234003066247075 0.218523041326563 0.368244340950937 0.105698087825502 0.524512203650605 0.244698205546493 0.00855431993156544 0.0487234457220815 0.054920913884007 0.174901617839965 0.269645608628659 0.164753693228623 0.128230420201223 0.0891442155309033 0.128471192805613 0.206388206388206 0.0892060660124888
"entre" 0.14043905684086 0.199859558148328 0.228926498242172 0.0492659375307912 0.0468457214241099 0.166487121731466 0.121036068748487 0.0449900379201748 0.162460738654825 0.124915921975593 0.0559479683893979 0.172195033532717 0.0940975192472198 0.272851296043656 0.197715289982425 0.262352426759948 0.154083204930663 0.19221264210006 0.20714144801736 0.346671949286846 0.22729518727147 0.275184275184275 0.039647140449995
"nas" 0.147830586148274 0.156646680710852 0.216662578693484 0.157651000098532 0.171767645221736 0.137107041425913 0.0968288549987896 0.154251558583457 0.140799306834182 0.172960507350822 0.153856913070844 0.172195033532717 0.171086398631309 0.126680958877412 0.300234329232572 0.409925666812418 0.109142270159219 0.131802954582899 0.0789110278161373 0.0792393026941363 0.0691767961260994 0.0884520884520884 0.109029636237486
"aos" 0.273486584374307 0.194457948468644 0.216662578693484 0.0492659375307912 0.0156152404747033 0.0881402409166585 0.129105139998386 0.141397262034835 0.0866457272825734 0.0576535024502739 0.11888943282747 0.154069240529273 0.256629597946963 0.146170337166244 0.216022261277094 0.240489724529952 0.173343605546995 0.285573068262947 0.0690471493391201 0.0495245641838352 0.118588793359028 0.0786240786240786 0.23788284269997
"há" 0 0 0.0163518927315837 0.354714750221697 0.374765771392879 0.31338752325923 0.411522633744856 0.231377337875185 0.357413625040615 0.403574517151917 0.223791873557591 0.00906289650172195 0 0 0 0 0 0 0.690471493391201 0.495245641838352 0.395295977863425 0.383292383292383 0.15858856179998
"assim" 0.103481410303792 0.124237022632745 0.11037527593819 0.197063750123165 0.296689569019363 0.0979336010185095 0.137174211248285 0.083552927566039 0.0758150113722517 0.0672624195253195 0.286733337995664 0.0271886895051659 0.076988879384089 0.136425648021828 0.161101347393087 0.153038915609969 0.333846944016436 0.25811411939151 0.20714144801736 0.178288431061807 0.217412787824884 0.108108108108108 0.168500346912479
"porque" 0.0591322344593096 0.0972289742343218 0.0245278390973755 0.591191250369494 0.796377264209869 0.264420722749976 0.18558863874768 0.199241596503631 0.0758150113722517 0.0192178341500913 0.13287642492482 0.0362515860068878 0.0684345594525235 0.0877022022997466 0.0402753368482718 0.00546567555749891 0.154083204930663 0.0823768466143116 0.217005326494378 0.36648177496038 0.415060776756597 0.314496314496314 0.23788284269997
"coração" 0.14043905684086 0.275482093663912 0.155342980950045 0.0197063750123165 0 0.186073841935168 0.225933994997176 0.0964072241146603 0.0108307159103217 0.0576535024502739 0.13287642492482 0.262823998549937 0.0513259195893926 0.0682128240109141 0.0659050966608084 0.125710537822475 0.179763739085773 0.137294744357186 0.355099625172618 0.287242472266244 0.395295977863425 0.324324324324324 0.039647140449995
"sempre" 0.103481410303792 0.0486144871171609 0.0245278390973755 0.236476500147798 0.18738288569644 0.195867202037019 0.338900992495764 0.205668744777942 0.12996859092386 0.144133756125685 0.258759353800965 0.172195033532717 0.0342172797262618 0.155915026310661 0.146455770357352 0.169435942282466 0.173343605546995 0.120819375034324 0.217005326494378 0.0495245641838352 0.168000790591956 0.226044226044226 0.198235702249975
"era" 0.0221745879222411 0.17825311942959 0.286158122802714 0.137944625086215 0.0468457214241099 0.127313681324062 0.18558863874768 0.160678706857767 0.173291454565147 0.144133756125685 0.0769284565354221 0.117817654522385 0.136869118905047 0.155915026310661 0.054920913884007 0.218627022299956 0.205444273240883 0.21417980119721 0.128230420201223 0.158478605388273 0.207530388378298 0.176904176904177 0
"terra" 0.480449404981891 0.189056338788959 0.228926498242172 0.137944625086215 0.23422860712055 0.0783468808148076 0.0403453562494957 0.0514171861944855 0.0974764431928951 0.0960891707504564 0.174837401216868 0.145006344027551 0.0940975192472198 0.126680958877412 0.128148799062683 0.142107564494972 0.166923472008218 0.142786534131473 0.0493193923850858 0.0990491283676704 0.108706393912442 0.0687960687960688 0.118941421349985
"tem" 0.103481410303792 0.11883541295306 0.049055678194751 0.315302000197064 0.23422860712055 0.20566056213887 0.0403453562494957 0.0964072241146603 0.0866457272825734 0.0288267512251369 0.125882928876145 0.0815660685154976 0.111206159110351 0.155915026310661 0.128148799062683 0.196764320069961 0.192604006163328 0.175737272777198 0.266324718879463 0.198098256735341 0.247059986164641 0.235872235872236 0.0991178511249876
"mar" 0.221745879222411 0.145843461351483 0.0776714904750225 0.00985318750615824 0.0312304809494066 0.0979336010185095 0.056483498749294 0.218523041326563 0.0974764431928951 0.0960891707504564 0.139869920973495 0.126880551024107 0.0513259195893926 0.0584681348664978 0.0988576449912126 0.20222999562746 0.436569080636877 0.252622329617222 0.147958177155257 0.0891442155309033 0.108706393912442 0.196560196560197 0.109029636237486
"sobre" 0.177396703377929 0.0864257548749527 0.167606900498733 0.108385062567741 0.109306683322923 0.0391734404074038 0.0726216412490922 0.289221672343981 0.140799306834182 0.0672624195253195 0.153856913070844 0.154069240529273 0.136869118905047 0.0974468914441629 0.223345049794962 0.169435942282466 0.0834617360041089 0.0988522159371739 0.128230420201223 0.128763866877971 0.148235991698784 0.117936117936118 0.118941421349985
"bem" 0.243920467144652 0.113433803273375 0.0858474368408143 0.137944625086215 0.124921923797626 0.146900401527764 0.056483498749294 0.0706986310174176 0.0433228636412867 0.115307004900548 0.188824393314218 0.0271886895051659 0.128314798973482 0.155915026310661 0.128148799062683 0.235024048972453 0.186183872624551 0.131802954582899 0.266324718879463 0.237717908082409 0.187765589485127 0.108108108108108 0.0991178511249876
"todos" 0.14043905684086 0.0270080483984227 0.0572316245605429 0.16750418760469 0.156152404747033 0.332974243462932 0.774630839990317 0.404910341281573 0.151630022744503 0.201787258575959 0.0769284565354221 0.0543773790103317 0.0342172797262618 0.107191580588579 0.0951962507322789 0.0710537822474858 0.0706214689265537 0.0659014772914493 0.059183270862103 0.0495245641838352 0.0691767961260994 0.147420147420147 0.039647140449995
"nunca" 0.0147830586148274 0.0216064387187382 0.126727168669774 0.403980687752488 0.23422860712055 0.215453922240721 0.104897926248689 0.154251558583457 0.0758150113722517 0.0864802536754108 0.181830897265543 0.290012688055102 0.0342172797262618 0.0974468914441629 0.135471587580551 0.0819851333624836 0.115562403697997 0.0988522159371739 0.217005326494378 0.158478605388273 0.197647988931713 0.137592137592138 0.148676776687481
"à" 0 0.00540160967968455 0 0.354714750221697 0.265459088069956 0.372147683870336 0.355039134995562 0.250658782698117 0.216614318206433 0.105698087825502 0.377648786628436 0.0181257930034439 0.0171086398631309 0 0 0 0.0256805341551104 0.0109835795485749 0.295916354310515 0.297147385103011 0.197647988931713 0.216216216216216 0.416294974724948
"tenho" 0.0221745879222411 0.0324096580781073 0.00817594636579184 0.275889250172431 0.249843847595253 0.372147683870336 0.306624707496167 0.109261520663282 0.032492147730965 0.115307004900548 0.258759353800965 0.0362515860068878 0.0256629597946963 0.00974468914441629 0.0475981253661394 0.0655881066899869 0.121982537236775 0.0768850568400242 0.364963503649635 0.148573692551506 0.237177586718055 0.314496314496314 0.039647140449995
"ter" 0.0591322344593096 0.0270080483984227 0.0204398659144796 0.256182875160114 0.437226733291693 0.254627362648125 0.217864923747277 0.173533003406389 0 0.0288267512251369 0.111895936778796 0.0362515860068878 0.0256629597946963 0.0292340674332489 0.0475981253661394 0.0327940533449934 0.0770416024653313 0.0768850568400242 0.266324718879463 0.425911251980983 0.375531178970254 0.304668304668305 0.109029636237486
"ha" 0.243920467144652 0.0918273645546373 0.17987082004742 0 0 0 0 0 0 0 0 0.154069240529273 0.28229255774166 0.292340674332489 0.150117164616286 0.267818102317446 0.314586543400103 0.285573068262947 0 0 0.00988239944658563 0 0
"toda" 0.0960898809963781 0.05941770647653 0.114463249121086 0.187210562617007 0.0780762023735165 0.20566056213887 0.153312353748084 0.173533003406389 0.06498429546193 0.0864802536754108 0.188824393314218 0.145006344027551 0.111206159110351 0.0779575131553304 0.109841827768014 0.109313511149978 0.154083204930663 0.115327585260036 0.157822055632275 0.0990491283676704 0.0790591955726851 0.0786240786240786 0.0297353553374963
"tua" 0.229137408529825 0.221465996867066 0.0776714904750225 0.0591191250369495 0 0.0685535207129566 0.0242072137496974 0.102834372388971 0.238275750027077 0.163351590275776 0.26575284984964 0.108754758020663 0.076988879384089 0.0389787565776652 0.0951962507322789 0.0874508089199825 0.192604006163328 0.104344005711461 0.108502663247189 0.0891442155309033 0.0691767961260994 0.0982800982800983 0.039647140449995
"foi" 0.0665237637667233 0.156646680710852 0.138991088218461 0.0492659375307912 0.0780762023735165 0.0881402409166585 0.0887597837488905 0.0771257792917283 0.0866457272825734 0.0768713366003651 0.13287642492482 0.0543773790103317 0.128314798973482 0.165659715455077 0.113503222026948 0.0929164844774814 0.102722136620442 0.153770113680048 0.276188597356481 0.16838351822504 0.15811839114537 0.0982800982800983 0.0594707106749926
"esta" 0.192179761992756 0.0972289742343218 0.151255007767149 0.0689723125431077 0.0936914428482199 0.0979336010185095 0.0887597837488905 0.128542965486214 0.06498429546193 0.0864802536754108 0.153856913070844 0.0453144825086098 0.0940975192472198 0.155915026310661 0.102519039250146 0.0819851333624836 0.121982537236775 0.21417980119721 0.108502663247189 0.128763866877971 0.0889415950192707 0.0687960687960688 0.0892060660124888
"vento" 0.0369576465370685 0.0864257548749527 0.0858474368408143 0.0985318750615824 0.14053716427233 0 0.0322762849995965 0.0192814448229321 0.0758150113722517 0.134524839050639 0.146863417022169 0.244698205546493 0.0342172797262618 0 0.10618043350908 0.136641888937473 0.218284540318439 0.153770113680048 0.187413691063326 0.198098256735341 0.177883190038541 0.245700245700246 0.128853206462484
"todo" 0.0960898809963781 0.0918273645546373 0.130815141852669 0.108385062567741 0.124921923797626 0.117520321222211 0.0968288549987896 0.192814448229321 0.0974764431928951 0.0576535024502739 0.11888943282747 0.199383723037883 0.0256629597946963 0.204638472032742 0.128148799062683 0.0819851333624836 0.102722136620442 0.120819375034324 0.0690471493391201 0.0990491283676704 0.118588793359028 0.0687960687960688 0.0297353553374963
"triste" 0.0443491758444822 0.113433803273375 0.143079061401357 0.00985318750615824 0.0936914428482199 0.0195867202037019 0.0968288549987896 0.0192814448229321 0.0216614318206433 0.0384356683001826 0.328694314287712 0.0453144825086098 0.0171086398631309 0.0487234457220815 0.10618043350908 0.191298644512462 0.154083204930663 0.120819375034324 0.128230420201223 0.247622820919176 0.108706393912442 0.108108108108108 0.0892060660124888
"mesmo" 0.0960898809963781 0.0648193161562146 0.0613195977434388 0.157651000098532 0.14053716427233 0.186073841935168 0.225933994997176 0.18638729995501 0.0758150113722517 0.105698087825502 0.111895936778796 0.181257930034439 0.0598802395209581 0.0779575131553304 0.0292911540714704 0.0437254044599913 0.0449409347714432 0.109835795485749 0.147958177155257 0.108954041204437 0.108706393912442 0.137592137592138 0.23788284269997
"olhar" 0.125655998226033 0.151245071031167 0.0735835172921266 0.0689723125431077 0.109306683322923 0.0489668005092547 0.0726216412490922 0.0514171861944855 0.0216614318206433 0.0288267512251369 0.293726834044339 0.145006344027551 0.18819503849444 0.0487234457220815 0.0988576449912126 0.125710537822475 0.0770416024653313 0.0768850568400242 0.167685934109292 0.188193343898574 0.15811839114537 0.0687960687960688 0.0297353553374963
"sua" 0.0886983516889644 0.0486144871171609 0.0776714904750225 0.128091437580057 0.0780762023735165 0.0783468808148076 0.0322762849995965 0.0449900379201748 0.205783602296112 0.0960891707504564 0.0209804881460242 0.135943447525829 0.0855431993156544 0.0877022022997466 0.175746924428823 0.169435942282466 0.128402670775552 0.164753693228623 0.0887749062931545 0.0990491283676704 0.0395295977863425 0.0884520884520884 0.227971057587471
"lá" 0.0147830586148274 0.0756225355155836 0.0245278390973755 0.137944625086215 0.0624609618988132 0.303594163157379 0.209795852497378 0.128542965486214 0.0541535795516084 0 0.188824393314218 0.0271886895051659 0.0940975192472198 0.155915026310661 0.018306971294669 0.0437254044599913 0.282485875706215 0.318523806908672 0.0690471493391201 0.0891442155309033 0.0296471983397569 0.0491400491400491 0.0495589255624938
"ainda" 0.0517407051518959 0.0486144871171609 0.0408797318289592 0.0788255000492659 0.0468457214241099 0.0783468808148076 0.0726216412490922 0.0706986310174176 0.140799306834182 0.15374267320073 0.104902440730121 0.0906289650172195 0.0684345594525235 0.0877022022997466 0.0512595196250732 0.0819851333624836 0.250385208012327 0.351474545554396 0.177549812586309 0.0792393026941363 0.0988239944658563 0.0884520884520884 0.0495589255624938
"ás" 0.19957129130017 0.194457948468644 0.155342980950045 0 0 0 0.00806907124989914 0 0 0 0 0.0996918615189415 0.162532078699743 0.0877022022997466 0.205038078500293 0.262352426759948 0.199024139702106 0.208688011422923 0 0 0 0.00982800982800983 0.0198235702249975
